1296(1234)
 |---(1, 0) -> 108(1256)
 |    |---(1, 0) -> 10(3436)
 |    |    |---(0, 0) -> 2(1111)
 |    |    |    |---(4, 0) -> (1, 1, 1, 1)
 |    |    |    |---(0, 0) -> (2, 2, 2, 2)
 |    |    |---(3, 0) -> 2(3336)
 |    |    |    |---(4, 0) -> (3, 3, 3, 6)
 |    |    |    |---(3, 0) -> (3, 6, 3, 6)
 |    |    |---(1, 0) -> 2(4454)
 |    |    |    |---(4, 0) -> (4, 4, 5, 4)
 |    |    |    |---(3, 0) -> (5, 4, 5, 4)
 |    |    |---(0, 2) -> (4, 5, 5, 4)
 |    |    |---(0, 1) -> (5, 5, 5, 4)
 |    |    |---(2, 1) -> (6, 3, 3, 6)
 |    |    |---(2, 0) -> (6, 6, 3, 6)
 |    |---(1, 1) -> 16(5614)
 |    |    |---(1, 1) -> 3(1115)
 |    |    |    |---(4, 0) -> (1, 1, 1, 5)
 |    |    |    |---(2, 2) -> (1, 5, 1, 1)
 |    |    |    |---(0, 1) -> (5, 3, 3, 6)
 |    |    |---(0, 4) -> (1, 1, 6, 1)
 |    |    |---(2, 0) -> 2(1611)
 |    |    |    |---(4, 0) -> (1, 6, 1, 1)
 |    |    |    |---(1, 0) -> (5, 6, 3, 6)
 |    |    |---(0, 1) -> 3(2262)
 |    |    |    |---(2, 1) -> (2, 2, 2, 5)
 |    |    |    |---(4, 0) -> (2, 2, 6, 2)
 |    |    |    |---(2, 2) -> (6, 2, 2, 2)
 |    |    |---(0, 2) -> (3, 5, 3, 6)
 |    |    |---(2, 1) -> (4, 6, 5, 4)
 |    |    |---(1, 0) -> (5, 2, 2, 2)
 |    |    |---(3, 0) -> (5, 6, 5, 4)
 |    |    |---(1, 2) -> (6, 4, 5, 4)
 |    |    |---(0, 3) -> (6, 5, 3, 6)
 |    |    |---(1, 3) -> (6, 5, 5, 4)
 |    |---(2, 0) -> 16(1125)
 |    |    |---(2, 0) -> 3(1116)
 |    |    |    |---(4, 0) -> (1, 1, 1, 6)
 |    |    |    |---(3, 0) -> (1, 1, 6, 6)
 |    |    |    |---(1, 0) -> (1, 5, 5, 5)
 |    |    |---(2, 1) -> (1, 1, 5, 1)
 |    |    |---(3, 0) -> (1, 1, 5, 5)
 |    |    |---(1, 3) -> (1, 5, 5, 1)
 |    |    |---(1, 1) -> 2(1616)
 |    |    |    |---(4, 0) -> (1, 6, 1, 6)
 |    |    |    |---(0, 0) -> (5, 2, 5, 5)
 |    |    |---(1, 0) -> 3(6226)
 |    |    |    |---(1, 2) -> (1, 6, 6, 6)
 |    |    |    |---(3, 0) -> (2, 2, 2, 6)
 |    |    |    |---(4, 0) -> (6, 2, 2, 6)
 |    |    |---(0, 4) -> 2(2252)
 |    |    |    |---(4, 0) -> (2, 2, 5, 2)
 |    |    |    |---(3, 0) -> (5, 2, 5, 2)
 |    |    |---(1, 2) -> (2, 2, 5, 5)
 |    |    |---(0, 2) -> (2, 2, 6, 6)
 |    |    |---(0, 1) -> (6, 2, 6, 6)
 |    |---(3, 0) -> 6(1556)
 |    |    |---(3, 0) -> 2(1156)
 |    |    |    |---(4, 0) -> (1, 1, 5, 6)
 |    |    |    |---(3, 0) -> (1, 6, 5, 6)
 |    |    |---(4, 0) -> (1, 5, 5, 6)
 |    |    |---(2, 0) -> 2(2256)
 |    |    |    |---(4, 0) -> (2, 2, 5, 6)
 |    |    |    |---(3, 0) -> (6, 2, 5, 6)
 |    |    |---(2, 1) -> (5, 2, 5, 6)
 |    |---(1, 2) -> 12(1165)
 |    |    |---(4, 0) -> (1, 1, 6, 5)
 |    |    |---(2, 1) -> 2(1515)
 |    |    |    |---(4, 0) -> (1, 5, 1, 5)
 |    |    |    |---(1, 1) -> (1, 6, 6, 1)
 |    |    |---(2, 2) -> 2(1561)
 |    |    |    |---(4, 0) -> (1, 5, 6, 1)
 |    |    |    |---(1, 3) -> (1, 6, 1, 5)
 |    |    |---(2, 0) -> (2, 2, 6, 5)
 |    |    |---(1, 0) -> 2(5225)
 |    |    |    |---(4, 0) -> (5, 2, 2, 5)
 |    |    |    |---(1, 1) -> (6, 2, 6, 2)
 |    |    |---(1, 1) -> 2(5262)
 |    |    |    |---(4, 0) -> (5, 2, 6, 2)
 |    |    |    |---(1, 3) -> (6, 2, 2, 5)
 |    |    |---(0, 3) -> 2(5536)
 |    |    |    |---(4, 0) -> (5, 5, 3, 6)
 |    |    |    |---(0, 3) -> (6, 6, 5, 4)
 |    |---(2, 1) -> 8(1566)
 |    |    |---(3, 0) -> (1, 5, 1, 6)
 |    |    |---(4, 0) -> (1, 5, 6, 6)
 |    |    |---(1, 2) -> (1, 6, 5, 1)
 |    |    |---(1, 3) -> (1, 6, 5, 5)
 |    |    |---(1, 1) -> (5, 2, 2, 6)
 |    |    |---(2, 1) -> (5, 2, 6, 6)
 |    |    |---(0, 2) -> (6, 2, 5, 2)
 |    |    |---(0, 3) -> (6, 2, 5, 5)
 |    |---(1, 3) -> 4(1565)
 |    |    |---(4, 0) -> (1, 5, 6, 5)
 |    |    |---(3, 0) -> (1, 6, 6, 5)
 |    |    |---(2, 1) -> (5, 2, 6, 5)
 |    |    |---(2, 0) -> (6, 2, 6, 5)
 |    |---(0, 0) -> 2(3333)
 |    |    |---(4, 0) -> (3, 3, 3, 3)
 |    |    |---(0, 0) -> (4, 4, 4, 4)
 |    |---(0, 1) -> 10(3633)
 |    |    |---(2, 1) -> 2(3335)
 |    |    |    |---(4, 0) -> (3, 3, 3, 5)
 |    |    |    |---(2, 2) -> (5, 3, 3, 3)
 |    |    |---(3, 0) -> (3, 5, 3, 3)
 |    |    |---(4, 0) -> (3, 6, 3, 3)
 |    |    |---(0, 1) -> 2(4464)
 |    |    |    |---(4, 0) -> (4, 4, 6, 4)
 |    |    |    |---(2, 2) -> (6, 4, 4, 4)
 |    |    |---(0, 0) -> 2(4544)
 |    |    |    |---(4, 0) -> (4, 5, 4, 4)
 |    |    |    |---(2, 2) -> (5, 4, 4, 4)
 |    |    |---(1, 0) -> (4, 6, 4, 4)
 |    |    |---(2, 2) -> (6, 3, 3, 3)
 |    |---(0, 2) -> 16(5633)
 |    |    |---(1, 3) -> 2(3535)
 |    |    |    |---(4, 0) -> (3, 5, 3, 5)
 |    |    |    |---(2, 1) -> (6, 3, 3, 5)
 |    |    |---(2, 2) -> 2(3635)
 |    |    |    |---(4, 0) -> (3, 6, 3, 5)
 |    |    |    |---(1, 3) -> (6, 5, 3, 3)
 |    |    |---(0, 2) -> 3(4564)
 |    |    |    |---(4, 0) -> (4, 5, 6, 4)
 |    |    |    |---(2, 1) -> (6, 4, 6, 4)
 |    |    |    |---(2, 2) -> (6, 5, 4, 4)
 |    |    |---(1, 0) -> 3(6644)
 |    |    |    |---(2, 2) -> (4, 6, 6, 4)
 |    |    |    |---(2, 0) -> (5, 5, 4, 4)
 |    |    |    |---(4, 0) -> (6, 6, 4, 4)
 |    |    |---(2, 1) -> (5, 3, 3, 5)
 |    |    |---(1, 1) -> (5, 4, 6, 4)
 |    |    |---(3, 0) -> 2(5533)
 |    |    |    |---(4, 0) -> (5, 5, 3, 3)
 |    |    |    |---(2, 0) -> (6, 6, 3, 3)
 |    |    |---(4, 0) -> (5, 6, 3, 3)
 |    |    |---(2, 0) -> (5, 6, 4, 4)
 |    |---(0, 3) -> 8(5636)
 |    |    |---(2, 0) -> (5, 5, 3, 5)
 |    |    |---(1, 1) -> (5, 5, 6, 4)
 |    |    |---(3, 0) -> (5, 6, 3, 5)
 |    |    |---(2, 1) -> (5, 6, 6, 4)
 |    |    |---(1, 3) -> (6, 5, 3, 5)
 |    |    |---(0, 3) -> (6, 5, 6, 4)
 |    |    |---(2, 2) -> (6, 6, 3, 5)
 |    |    |---(1, 2) -> (6, 6, 6, 4)
 |---(1, 1) -> 216(1256)
 |    |---(1, 1) -> 36(1145)
 |    |    |---(2, 0) -> 4(1112)
 |    |    |    |---(4, 0) -> (1, 1, 1, 2)
 |    |    |    |---(2, 2) -> (1, 1, 2, 1)
 |    |    |    |---(2, 0) -> (1, 1, 6, 3)
 |    |    |    |---(0, 2) -> (2, 2, 4, 5)
 |    |    |---(4, 0) -> (1, 1, 4, 5)
 |    |    |---(2, 1) -> 2(1315)
 |    |    |    |---(4, 0) -> (1, 3, 1, 5)
 |    |    |    |---(1, 1) -> (1, 6, 4, 1)
 |    |    |---(1, 1) -> 4(1321)
 |    |    |    |---(3, 0) -> (1, 3, 6, 1)
 |    |    |    |---(1, 2) -> (1, 6, 1, 3)
 |    |    |    |---(1, 0) -> (4, 2, 2, 5)
 |    |    |    |---(0, 2) -> (5, 2, 4, 2)
 |    |    |---(2, 2) -> 2(1415)
 |    |    |    |---(4, 0) -> (1, 4, 1, 5)
 |    |    |    |---(1, 3) -> (1, 5, 4, 1)
 |    |    |---(1, 2) -> 2(1461)
 |    |    |    |---(4, 0) -> (1, 4, 6, 1)
 |    |    |    |---(1, 1) -> (1, 5, 1, 3)
 |    |    |---(0, 1) -> 4(2212)
 |    |    |    |---(4, 0) -> (2, 2, 1, 2)
 |    |    |    |---(2, 2) -> (2, 2, 2, 1)
 |    |    |    |---(2, 0) -> (4, 2, 6, 2)
 |    |    |    |---(1, 1) -> (5, 2, 2, 3)
 |    |    |---(0, 0) -> 5(2366)
 |    |    |    |---(2, 1) -> (2, 2, 6, 3)
 |    |    |    |---(3, 0) -> (2, 3, 3, 6)
 |    |    |    |---(2, 2) -> (2, 6, 3, 6)
 |    |    |    |---(1, 3) -> (3, 2, 6, 2)
 |    |    |    |---(0, 4) -> (6, 2, 2, 3)
 |    |    |---(0, 3) -> 2(2454)
 |    |    |    |---(4, 0) -> (2, 4, 5, 4)
 |    |    |    |---(3, 0) -> (2, 5, 5, 4)
 |    |    |---(1, 0) -> 4(3136)
 |    |    |    |---(4, 0) -> (3, 1, 3, 6)
 |    |    |    |---(1, 0) -> (3, 2, 2, 5)
 |    |    |    |---(3, 0) -> (6, 1, 3, 6)
 |    |    |    |---(0, 1) -> (6, 2, 4, 2)
 |    |    |---(0, 2) -> 4(3436)
 |    |    |    |---(1, 2) -> (3, 6, 5, 4)
 |    |    |    |---(2, 1) -> (4, 5, 3, 6)
 |    |    |    |---(3, 0) -> (5, 4, 3, 6)
 |    |    |    |---(0, 3) -> (6, 3, 5, 4)
 |    |    |---(1, 3) -> 2(4154)
 |    |    |    |---(4, 0) -> (4, 1, 5, 4)
 |    |    |    |---(3, 0) -> (5, 1, 5, 4)
 |    |---(1, 0) -> 16(3416)
 |    |    |---(1, 1) -> 3(1113)
 |    |    |    |---(4, 0) -> (1, 1, 1, 3)
 |    |    |    |---(2, 2) -> (1, 3, 1, 1)
 |    |    |    |---(0, 1) -> (3, 5, 5, 4)
 |    |    |---(0, 4) -> (1, 1, 4, 1)
 |    |    |---(2, 0) -> 2(1411)
 |    |    |    |---(4, 0) -> (1, 4, 1, 1)
 |    |    |    |---(1, 0) -> (3, 4, 5, 4)
 |    |    |---(0, 1) -> 3(2242)
 |    |    |    |---(2, 1) -> (2, 2, 2, 3)
 |    |    |    |---(4, 0) -> (2, 2, 4, 2)
 |    |    |    |---(2, 2) -> (4, 2, 2, 2)
 |    |    |---(1, 0) -> (3, 2, 2, 2)
 |    |    |---(3, 0) -> (3, 4, 3, 6)
 |    |    |---(1, 3) -> (4, 3, 3, 6)
 |    |    |---(0, 3) -> (4, 3, 5, 4)
 |    |    |---(1, 2) -> (4, 6, 3, 6)
 |    |    |---(0, 2) -> (5, 3, 5, 4)
 |    |    |---(2, 1) -> (6, 4, 3, 6)
 |    |---(1, 2) -> 28(1362)
 |    |    |---(1, 1) -> 5(1125)
 |    |    |    |---(4, 0) -> (1, 1, 2, 5)
 |    |    |    |---(2, 2) -> (1, 5, 2, 1)
 |    |    |    |---(2, 0) -> (1, 6, 4, 5)
 |    |    |    |---(1, 1) -> (4, 2, 6, 5)
 |    |    |    |---(0, 4) -> (5, 2, 1, 2)
 |    |    |---(3, 0) -> 2(1162)
 |    |    |    |---(4, 0) -> (1, 1, 6, 2)
 |    |    |    |---(2, 0) -> (1, 3, 6, 5)
 |    |    |---(2, 0) -> 2(1465)
 |    |    |    |---(4, 0) -> (1, 4, 6, 5)
 |    |    |    |---(1, 1) -> (1, 5, 1, 2)
 |    |    |---(1, 0) -> (1, 5, 4, 5)
 |    |    |---(2, 1) -> 3(1663)
 |    |    |    |---(3, 0) -> (1, 5, 6, 3)
 |    |    |    |---(2, 0) -> (1, 6, 1, 2)
 |    |    |    |---(4, 0) -> (1, 6, 6, 3)
 |    |    |---(1, 2) -> 5(6263)
 |    |    |    |---(0, 2) -> (1, 6, 2, 1)
 |    |    |    |---(2, 1) -> (3, 2, 6, 5)
 |    |    |    |---(3, 0) -> (5, 2, 6, 3)
 |    |    |    |---(2, 0) -> (6, 2, 1, 2)
 |    |    |    |---(4, 0) -> (6, 2, 6, 3)
 |    |    |---(0, 3) -> 4(5236)
 |    |    |    |---(1, 1) -> (2, 2, 1, 5)
 |    |    |    |---(2, 2) -> (2, 5, 3, 6)
 |    |    |    |---(3, 0) -> (5, 1, 3, 6)
 |    |    |    |---(2, 0) -> (5, 2, 2, 1)
 |    |    |---(1, 3) -> (2, 2, 6, 1)
 |    |    |---(0, 2) -> 3(6154)
 |    |    |    |---(2, 1) -> (2, 6, 5, 4)
 |    |    |    |---(4, 0) -> (6, 1, 5, 4)
 |    |    |    |---(1, 2) -> (6, 2, 4, 5)
 |    |    |---(0, 1) -> (5, 2, 4, 5)
 |    |    |---(0, 4) -> (6, 2, 2, 1)
 |    |---(2, 1) -> 12(1123)
 |    |    |---(3, 0) -> (1, 1, 2, 6)
 |    |    |---(2, 1) -> (1, 1, 5, 2)
 |    |    |---(1, 0) -> (1, 5, 4, 6)
 |    |    |---(1, 1) -> 2(1552)
 |    |    |    |---(4, 0) -> (1, 5, 5, 2)
 |    |    |    |---(1, 1) -> (6, 2, 5, 3)
 |    |    |---(2, 0) -> 2(1626)
 |    |    |    |---(4, 0) -> (1, 6, 2, 6)
 |    |    |    |---(2, 0) -> (1, 6, 5, 3)
 |    |    |---(0, 3) -> 2(2216)
 |    |    |    |---(4, 0) -> (2, 2, 1, 6)
 |    |    |    |---(2, 1) -> (2, 2, 5, 1)
 |    |    |---(0, 1) -> (5, 2, 4, 6)
 |    |    |---(0, 2) -> 2(5251)
 |    |    |    |---(4, 0) -> (5, 2, 5, 1)
 |    |    |    |---(1, 1) -> (6, 2, 1, 6)
 |    |---(2, 0) -> 24(1146)
 |    |    |---(4, 0) -> (1, 1, 4, 6)
 |    |    |---(2, 0) -> 4(1266)
 |    |    |    |---(1, 0) -> (1, 1, 5, 3)
 |    |    |    |---(3, 0) -> (1, 3, 6, 6)
 |    |    |    |---(2, 0) -> (2, 2, 4, 6)
 |    |    |    |---(2, 1) -> (6, 2, 4, 6)
 |    |    |---(2, 1) -> 2(1316)
 |    |    |    |---(4, 0) -> (1, 3, 1, 6)
 |    |    |    |---(2, 0) -> (1, 4, 6, 6)
 |    |    |---(1, 1) -> 4(4226)
 |    |    |    |---(0, 0) -> (1, 3, 5, 1)
 |    |    |    |---(0, 1) -> (1, 4, 5, 5)
 |    |    |    |---(4, 0) -> (4, 2, 2, 6)
 |    |    |    |---(3, 0) -> (4, 2, 6, 6)
 |    |    |---(1, 0) -> 4(3265)
 |    |    |    |---(1, 1) -> (1, 3, 5, 5)
 |    |    |    |---(0, 3) -> (1, 5, 5, 3)
 |    |    |    |---(2, 1) -> (3, 2, 2, 6)
 |    |    |    |---(3, 0) -> (3, 2, 6, 6)
 |    |    |---(2, 2) -> (1, 4, 1, 6)
 |    |    |---(1, 2) -> (1, 4, 5, 1)
 |    |    |---(3, 0) -> (1, 6, 4, 6)
 |    |    |---(0, 0) -> 4(2253)
 |    |    |    |---(4, 0) -> (2, 2, 5, 3)
 |    |    |    |---(2, 2) -> (3, 2, 5, 2)
 |    |    |    |---(2, 1) -> (3, 2, 5, 5)
 |    |    |    |---(3, 0) -> (5, 2, 5, 3)
 |    |    |---(0, 1) -> 2(4252)
 |    |    |    |---(4, 0) -> (4, 2, 5, 2)
 |    |    |    |---(3, 0) -> (4, 2, 5, 5)
 |    |---(3, 0) -> 4(1356)
 |    |    |---(4, 0) -> (1, 3, 5, 6)
 |    |    |---(3, 0) -> (1, 4, 5, 6)
 |    |    |---(2, 1) -> (3, 2, 5, 6)
 |    |    |---(2, 0) -> (4, 2, 5, 6)
 |    |---(1, 3) -> 8(1525)
 |    |    |---(4, 0) -> (1, 5, 2, 5)
 |    |    |---(2, 1) -> (1, 5, 6, 2)
 |    |    |---(3, 0) -> (1, 6, 2, 5)
 |    |    |---(1, 1) -> (1, 6, 6, 2)
 |    |    |---(1, 3) -> (5, 2, 1, 5)
 |    |    |---(0, 3) -> (5, 2, 6, 1)
 |    |    |---(1, 2) -> (6, 2, 1, 5)
 |    |    |---(0, 2) -> (6, 2, 6, 1)
 |    |---(2, 2) -> 4(1516)
 |    |    |---(3, 0) -> (1, 5, 2, 6)
 |    |    |---(1, 2) -> (1, 6, 5, 2)
 |    |    |---(2, 1) -> (5, 2, 1, 6)
 |    |    |---(0, 3) -> (6, 2, 5, 1)
 |    |---(0, 1) -> 20(2335)
 |    |    |---(3, 0) -> 2(2333)
 |    |    |    |---(4, 0) -> (2, 3, 3, 3)
 |    |    |    |---(2, 0) -> (4, 3, 3, 5)
 |    |    |---(1, 0) -> 3(6344)
 |    |    |    |---(2, 0) -> (2, 4, 4, 4)
 |    |    |    |---(2, 2) -> (4, 3, 6, 4)
 |    |    |    |---(4, 0) -> (6, 3, 4, 4)
 |    |    |---(1, 2) -> 3(4533)
 |    |    |    |---(2, 0) -> (3, 1, 3, 3)
 |    |    |    |---(4, 0) -> (4, 5, 3, 3)
 |    |    |    |---(2, 2) -> (5, 4, 3, 3)
 |    |    |---(2, 0) -> (3, 3, 3, 1)
 |    |    |---(2, 1) -> 2(3332)
 |    |    |    |---(4, 0) -> (3, 3, 3, 2)
 |    |    |    |---(2, 0) -> (3, 4, 3, 5)
 |    |    |---(0, 1) -> 3(3464)
 |    |    |    |---(4, 0) -> (3, 4, 6, 4)
 |    |    |    |---(2, 2) -> (3, 6, 4, 4)
 |    |    |    |---(2, 0) -> (4, 4, 2, 4)
 |    |    |---(0, 2) -> (3, 5, 4, 4)
 |    |    |---(0, 0) -> 2(4144)
 |    |    |    |---(4, 0) -> (4, 1, 4, 4)
 |    |    |    |---(2, 2) -> (4, 4, 1, 4)
 |    |    |---(1, 1) -> 3(4633)
 |    |    |    |---(4, 0) -> (4, 6, 3, 3)
 |    |    |    |---(0, 3) -> (5, 3, 4, 4)
 |    |    |    |---(2, 2) -> (6, 4, 3, 3)
 |    |---(0, 2) -> 36(3614)
 |    |    |---(0, 2) -> 5(2533)
 |    |    |    |---(2, 2) -> (2, 3, 3, 5)
 |    |    |    |---(4, 0) -> (2, 5, 3, 3)
 |    |    |    |---(2, 0) -> (4, 5, 3, 5)
 |    |    |    |---(1, 3) -> (5, 3, 3, 2)
 |    |    |    |---(1, 2) -> (5, 4, 3, 5)
 |    |    |---(1, 1) -> 5(2144)
 |    |    |    |---(2, 1) -> (2, 4, 6, 4)
 |    |    |    |---(1, 0) -> (3, 1, 3, 5)
 |    |    |    |---(0, 1) -> (3, 5, 3, 1)
 |    |    |    |---(3, 0) -> (5, 1, 4, 4)
 |    |    |    |---(1, 2) -> (6, 4, 2, 4)
 |    |    |---(1, 0) -> 4(2544)
 |    |    |    |---(4, 0) -> (2, 5, 4, 4)
 |    |    |    |---(1, 1) -> (3, 5, 3, 2)
 |    |    |    |---(2, 2) -> (4, 5, 2, 4)
 |    |    |    |---(1, 3) -> (5, 4, 2, 4)
 |    |    |---(1, 2) -> 5(4164)
 |    |    |    |---(0, 1) -> (2, 6, 3, 3)
 |    |    |    |---(4, 0) -> (4, 1, 6, 4)
 |    |    |    |---(1, 1) -> (4, 6, 3, 5)
 |    |    |    |---(2, 0) -> (5, 3, 6, 4)
 |    |    |    |---(2, 2) -> (6, 1, 4, 4)
 |    |    |---(2, 0) -> 5(4514)
 |    |    |    |---(1, 1) -> (2, 6, 4, 4)
 |    |    |    |---(0, 0) -> (3, 6, 3, 2)
 |    |    |    |---(4, 0) -> (4, 5, 1, 4)
 |    |    |    |---(2, 0) -> (4, 6, 2, 4)
 |    |    |    |---(2, 2) -> (5, 4, 1, 4)
 |    |    |---(2, 1) -> 3(3464)
 |    |    |    |---(3, 0) -> (3, 5, 6, 4)
 |    |    |    |---(1, 1) -> (3, 6, 3, 1)
 |    |    |    |---(2, 1) -> (6, 4, 1, 4)
 |    |    |---(3, 0) -> 2(3664)
 |    |    |    |---(4, 0) -> (3, 6, 6, 4)
 |    |    |    |---(2, 0) -> (4, 6, 1, 4)
 |    |    |---(0, 3) -> 4(5331)
 |    |    |    |---(2, 2) -> (5, 1, 3, 3)
 |    |    |    |---(4, 0) -> (5, 3, 3, 1)
 |    |    |    |---(2, 0) -> (6, 3, 3, 2)
 |    |    |    |---(1, 1) -> (6, 4, 3, 5)
 |    |    |---(0, 4) -> 2(6133)
 |    |    |    |---(4, 0) -> (6, 1, 3, 3)
 |    |    |    |---(2, 2) -> (6, 3, 3, 1)
 |    |    |---(1, 3) -> (6, 3, 6, 4)
 |    |---(0, 3) -> 24(5624)
 |    |    |---(0, 3) -> 2(2535)
 |    |    |    |---(4, 0) -> (2, 5, 3, 5)
 |    |    |    |---(2, 1) -> (6, 5, 3, 2)
 |    |    |---(1, 3) -> (2, 5, 6, 4)
 |    |    |---(1, 2) -> 3(6514)
 |    |    |    |---(0, 2) -> (2, 6, 3, 5)
 |    |    |    |---(2, 1) -> (6, 1, 6, 4)
 |    |    |    |---(4, 0) -> (6, 5, 1, 4)
 |    |    |---(2, 1) -> 3(2664)
 |    |    |    |---(4, 0) -> (2, 6, 6, 4)
 |    |    |    |---(2, 0) -> (5, 1, 6, 4)
 |    |    |    |---(1, 1) -> (5, 6, 3, 2)
 |    |    |---(1, 0) -> 3(5531)
 |    |    |    |---(2, 2) -> (5, 1, 3, 5)
 |    |    |    |---(4, 0) -> (5, 5, 3, 1)
 |    |    |    |---(2, 0) -> (6, 6, 3, 1)
 |    |    |---(2, 0) -> 3(5514)
 |    |    |    |---(4, 0) -> (5, 5, 1, 4)
 |    |    |    |---(1, 1) -> (5, 6, 3, 1)
 |    |    |    |---(2, 0) -> (6, 6, 1, 4)
 |    |    |---(3, 0) -> 3(1624)
 |    |    |    |---(2, 0) -> (5, 5, 2, 4)
 |    |    |    |---(2, 1) -> (5, 6, 1, 4)
 |    |    |    |---(3, 0) -> (6, 6, 2, 4)
 |    |    |---(1, 1) -> 2(5532)
 |    |    |    |---(4, 0) -> (5, 5, 3, 2)
 |    |    |    |---(2, 0) -> (6, 6, 3, 2)
 |    |    |---(4, 0) -> (5, 6, 2, 4)
 |    |    |---(0, 2) -> 2(6135)
 |    |    |    |---(4, 0) -> (6, 1, 3, 5)
 |    |    |    |---(2, 2) -> (6, 5, 3, 1)
 |    |    |---(2, 2) -> (6, 5, 2, 4)
 |    |---(0, 0) -> 4(3433)
 |    |    |---(4, 0) -> (3, 4, 3, 3)
 |    |    |---(2, 0) -> (3, 4, 4, 4)
 |    |    |---(2, 2) -> (4, 3, 3, 3)
 |    |    |---(0, 4) -> (4, 3, 4, 4)
 |---(2, 0) -> 96(1125)
 |    |---(2, 0) -> 11(1163)
 |    |    |---(2, 0) -> 2(1114)
 |    |    |    |---(4, 0) -> (1, 1, 1, 4)
 |    |    |    |---(3, 0) -> (1, 1, 4, 4)
 |    |    |---(2, 1) -> (1, 1, 3, 1)
 |    |    |---(3, 0) -> 2(1133)
 |    |    |    |---(4, 0) -> (1, 1, 3, 3)
 |    |    |    |---(2, 0) -> (1, 1, 6, 4)
 |    |    |---(2, 2) -> (1, 1, 3, 6)
 |    |    |---(1, 0) -> (1, 2, 2, 2)
 |    |    |---(1, 1) -> 2(1226)
 |    |    |    |---(4, 0) -> (1, 2, 2, 6)
 |    |    |    |---(1, 0) -> (1, 5, 3, 5)
 |    |    |---(1, 2) -> 2(1335)
 |    |    |    |---(4, 0) -> (1, 3, 3, 5)
 |    |    |    |---(3, 0) -> (1, 6, 3, 5)
 |    |---(3, 0) -> 2(1135)
 |    |    |---(4, 0) -> (1, 1, 3, 5)
 |    |    |---(2, 0) -> (1, 2, 2, 5)
 |    |---(2, 1) -> 4(1265)
 |    |    |---(1, 1) -> (1, 1, 5, 4)
 |    |    |---(2, 0) -> (1, 2, 2, 1)
 |    |    |---(3, 0) -> (1, 2, 5, 5)
 |    |    |---(4, 0) -> (1, 2, 6, 5)
 |    |---(1, 3) -> 4(1152)
 |    |    |---(1, 3) -> (1, 2, 1, 1)
 |    |    |---(2, 1) -> (1, 2, 1, 2)
 |    |    |---(2, 2) -> (1, 2, 5, 1)
 |    |    |---(3, 0) -> (1, 2, 5, 2)
 |    |---(2, 2) -> (1, 2, 1, 5)
 |    |---(1, 2) -> 8(1612)
 |    |    |---(2, 2) -> (1, 2, 1, 6)
 |    |    |---(1, 2) -> (1, 2, 5, 6)
 |    |    |---(1, 3) -> (1, 2, 6, 1)
 |    |    |---(2, 1) -> (1, 2, 6, 2)
 |    |    |---(2, 0) -> (1, 5, 1, 4)
 |    |    |---(1, 1) -> (1, 5, 3, 1)
 |    |    |---(1, 0) -> (1, 5, 5, 4)
 |    |    |---(0, 2) -> (2, 2, 3, 5)
 |    |---(1, 1) -> 15(1654)
 |    |    |---(1, 2) -> 2(1266)
 |    |    |    |---(4, 0) -> (1, 2, 6, 6)
 |    |    |    |---(2, 0) -> (1, 5, 3, 6)
 |    |    |---(1, 0) -> (1, 3, 3, 1)
 |    |    |---(2, 0) -> 2(1414)
 |    |    |    |---(4, 0) -> (1, 4, 1, 4)
 |    |    |    |---(1, 1) -> (1, 6, 3, 1)
 |    |    |---(3, 0) -> 2(1454)
 |    |    |    |---(4, 0) -> (1, 4, 5, 4)
 |    |    |    |---(2, 0) -> (1, 6, 1, 4)
 |    |    |---(1, 1) -> 2(1533)
 |    |    |    |---(4, 0) -> (1, 5, 3, 3)
 |    |    |    |---(0, 1) -> (5, 2, 2, 4)
 |    |    |---(2, 1) -> (1, 5, 4, 4)
 |    |    |---(2, 2) -> (1, 5, 6, 4)
 |    |    |---(4, 0) -> (1, 6, 5, 4)
 |    |    |---(0, 1) -> (3, 2, 3, 5)
 |    |    |---(0, 2) -> 2(5235)
 |    |    |    |---(4, 0) -> (5, 2, 3, 5)
 |    |    |    |---(3, 0) -> (6, 2, 3, 5)
 |    |---(1, 0) -> 11(1364)
 |    |    |---(2, 0) -> 2(1333)
 |    |    |    |---(4, 0) -> (1, 3, 3, 3)
 |    |    |    |---(1, 0) -> (1, 4, 4, 4)
 |    |    |---(2, 1) -> 2(1336)
 |    |    |    |---(4, 0) -> (1, 3, 3, 6)
 |    |    |    |---(1, 1) -> (1, 6, 4, 4)
 |    |    |---(3, 0) -> 2(1464)
 |    |    |    |---(4, 0) -> (1, 4, 6, 4)
 |    |    |    |---(3, 0) -> (1, 6, 6, 4)
 |    |    |---(1, 3) -> 2(1633)
 |    |    |    |---(4, 0) -> (1, 6, 3, 3)
 |    |    |    |---(3, 0) -> (1, 6, 3, 6)
 |    |    |---(1, 0) -> 2(2224)
 |    |    |    |---(4, 0) -> (2, 2, 2, 4)
 |    |    |    |---(3, 0) -> (4, 2, 2, 4)
 |    |    |---(1, 1) -> (6, 2, 2, 4)
 |    |---(0, 3) -> 4(2254)
 |    |    |---(2, 0) -> (2, 2, 3, 2)
 |    |    |---(4, 0) -> (2, 2, 5, 4)
 |    |    |---(1, 2) -> (5, 2, 3, 2)
 |    |    |---(3, 0) -> (5, 2, 5, 4)
 |    |---(0, 2) -> 13(6254)
 |    |    |---(1, 0) -> 2(2233)
 |    |    |    |---(4, 0) -> (2, 2, 3, 3)
 |    |    |    |---(2, 2) -> (3, 2, 3, 2)
 |    |    |---(1, 1) -> 2(2236)
 |    |    |    |---(4, 0) -> (2, 2, 3, 6)
 |    |    |    |---(2, 0) -> (5, 2, 3, 3)
 |    |    |---(2, 0) -> 2(2244)
 |    |    |    |---(4, 0) -> (2, 2, 4, 4)
 |    |    |    |---(1, 1) -> (6, 2, 3, 2)
 |    |    |---(2, 1) -> 2(2264)
 |    |    |    |---(4, 0) -> (2, 2, 6, 4)
 |    |    |    |---(2, 0) -> (5, 2, 4, 4)
 |    |    |---(3, 0) -> (4, 2, 5, 4)
 |    |    |---(1, 2) -> 2(5236)
 |    |    |    |---(4, 0) -> (5, 2, 3, 6)
 |    |    |    |---(2, 0) -> (5, 5, 3, 4)
 |    |    |---(2, 2) -> (5, 2, 6, 4)
 |    |    |---(4, 0) -> (6, 2, 5, 4)
 |    |---(0, 1) -> 14(3564)
 |    |    |---(1, 0) -> 2(3233)
 |    |    |    |---(4, 0) -> (3, 2, 3, 3)
 |    |    |    |---(1, 0) -> (4, 2, 4, 4)
 |    |    |---(1, 1) -> 2(3236)
 |    |    |    |---(4, 0) -> (3, 2, 3, 6)
 |    |    |    |---(1, 1) -> (6, 2, 4, 4)
 |    |    |---(3, 0) -> (3, 5, 3, 4)
 |    |    |---(2, 0) -> 2(4264)
 |    |    |    |---(4, 0) -> (4, 2, 6, 4)
 |    |    |    |---(3, 0) -> (6, 2, 6, 4)
 |    |    |---(2, 1) -> (4, 5, 3, 4)
 |    |    |---(1, 3) -> 2(5334)
 |    |    |    |---(4, 0) -> (5, 3, 3, 4)
 |    |    |    |---(3, 0) -> (5, 6, 3, 4)
 |    |    |---(1, 2) -> (5, 4, 3, 4)
 |    |    |---(0, 3) -> 2(6233)
 |    |    |    |---(4, 0) -> (6, 2, 3, 3)
 |    |    |    |---(3, 0) -> (6, 2, 3, 6)
 |    |    |---(2, 2) -> (6, 5, 3, 4)
 |    |---(0, 0) -> 9(3344)
 |    |    |---(3, 0) -> (3, 3, 3, 4)
 |    |    |---(2, 2) -> 2(3434)
 |    |    |    |---(4, 0) -> (3, 4, 3, 4)
 |    |    |    |---(2, 2) -> (4, 3, 3, 4)
 |    |    |---(2, 1) -> 2(3634)
 |    |    |    |---(4, 0) -> (3, 6, 3, 4)
 |    |    |    |---(2, 2) -> (6, 3, 3, 4)
 |    |    |---(1, 3) -> (4, 4, 3, 4)
 |    |    |---(1, 2) -> 2(4634)
 |    |    |    |---(4, 0) -> (4, 6, 3, 4)
 |    |    |    |---(2, 2) -> (6, 4, 3, 4)
 |    |    |---(1, 1) -> (6, 6, 3, 4)
 |---(1, 2) -> 144(2115)
 |    |---(1, 3) -> 2(1122)
 |    |    |---(4, 0) -> (1, 1, 2, 2)
 |    |    |---(0, 3) -> (5, 2, 1, 1)
 |    |---(1, 2) -> 14(5312)
 |    |    |---(0, 4) -> 2(1123)
 |    |    |    |---(4, 0) -> (1, 1, 2, 3)
 |    |    |    |---(0, 3) -> (2, 5, 3, 1)
 |    |    |---(1, 2) -> 2(1142)
 |    |    |    |---(4, 0) -> (1, 1, 4, 2)
 |    |    |    |---(1, 2) -> (5, 1, 2, 4)
 |    |    |---(3, 0) -> (1, 3, 1, 2)
 |    |    |---(1, 3) -> 2(1325)
 |    |    |    |---(4, 0) -> (1, 3, 2, 5)
 |    |    |    |---(0, 4) -> (5, 1, 3, 1)
 |    |    |---(2, 0) -> 2(1412)
 |    |    |    |---(4, 0) -> (1, 4, 1, 2)
 |    |    |    |---(2, 1) -> (4, 2, 1, 2)
 |    |    |---(0, 3) -> (1, 4, 2, 5)
 |    |    |---(2, 1) -> (3, 2, 1, 2)
 |    |    |---(2, 2) -> 2(5132)
 |    |    |    |---(4, 0) -> (5, 1, 3, 2)
 |    |    |    |---(1, 3) -> (5, 2, 1, 3)
 |    |    |---(1, 1) -> (6, 2, 1, 1)
 |    |---(1, 1) -> 25(6331)
 |    |    |---(0, 3) -> 3(1413)
 |    |    |    |---(2, 2) -> (1, 1, 4, 3)
 |    |    |    |---(4, 0) -> (1, 4, 1, 3)
 |    |    |    |---(1, 1) -> (3, 2, 1, 6)
 |    |    |---(1, 3) -> (1, 3, 1, 3)
 |    |    |---(1, 1) -> 3(5314)
 |    |    |    |---(1, 3) -> (1, 3, 4, 5)
 |    |    |    |---(4, 0) -> (5, 3, 1, 4)
 |    |    |    |---(1, 1) -> (6, 1, 2, 4)
 |    |    |---(0, 1) -> 3(1445)
 |    |    |    |---(4, 0) -> (1, 4, 4, 5)
 |    |    |    |---(2, 0) -> (3, 2, 4, 5)
 |    |    |    |---(0, 3) -> (4, 1, 2, 4)
 |    |    |---(1, 0) -> 3(2254)
 |    |    |    |---(2, 1) -> (2, 2, 4, 1)
 |    |    |    |---(3, 0) -> (2, 3, 5, 4)
 |    |    |    |---(1, 2) -> (2, 5, 3, 2)
 |    |    |---(3, 0) -> 2(2331)
 |    |    |    |---(4, 0) -> (2, 3, 3, 1)
 |    |    |    |---(2, 0) -> (6, 1, 3, 1)
 |    |    |---(0, 0) -> 2(2524)
 |    |    |    |---(4, 0) -> (2, 5, 2, 4)
 |    |    |    |---(0, 4) -> (4, 2, 4, 5)
 |    |    |---(2, 1) -> 3(2631)
 |    |    |    |---(4, 0) -> (2, 6, 3, 1)
 |    |    |    |---(2, 0) -> (3, 1, 3, 1)
 |    |    |    |---(1, 3) -> (6, 1, 3, 2)
 |    |    |---(1, 2) -> 2(3132)
 |    |    |    |---(4, 0) -> (3, 1, 3, 2)
 |    |    |    |---(0, 3) -> (6, 2, 1, 3)
 |    |    |---(0, 2) -> 3(3514)
 |    |    |    |---(2, 2) -> (3, 1, 5, 4)
 |    |    |    |---(4, 0) -> (3, 5, 1, 4)
 |    |    |    |---(1, 1) -> (4, 2, 1, 6)
 |    |---(0, 3) -> 12(4221)
 |    |    |---(2, 0) -> 2(1321)
 |    |    |    |---(4, 0) -> (1, 3, 2, 1)
 |    |    |    |---(1, 2) -> (3, 2, 5, 1)
 |    |    |---(0, 2) -> (1, 3, 5, 2)
 |    |    |---(2, 1) -> 2(1421)
 |    |    |    |---(4, 0) -> (1, 4, 2, 1)
 |    |    |    |---(1, 2) -> (5, 2, 4, 1)
 |    |    |---(0, 3) -> 2(1452)
 |    |    |    |---(4, 0) -> (1, 4, 5, 2)
 |    |    |    |---(2, 2) -> (1, 5, 4, 2)
 |    |    |---(1, 1) -> (1, 5, 2, 3)
 |    |    |---(1, 2) -> (1, 6, 2, 2)
 |    |    |---(3, 0) -> 2(3221)
 |    |    |    |---(4, 0) -> (3, 2, 2, 1)
 |    |    |    |---(2, 0) -> (4, 2, 5, 1)
 |    |    |---(4, 0) -> (4, 2, 2, 1)
 |    |---(0, 2) -> 27(3253)
 |    |    |---(0, 2) -> 4(1426)
 |    |    |    |---(3, 0) -> (1, 3, 2, 6)
 |    |    |    |---(1, 2) -> (1, 3, 6, 2)
 |    |    |    |---(0, 2) -> (4, 5, 3, 1)
 |    |    |    |---(1, 1) -> (5, 4, 3, 1)
 |    |    |---(0, 1) -> 4(1642)
 |    |    |    |---(2, 0) -> (1, 3, 4, 1)
 |    |    |    |---(1, 3) -> (1, 4, 2, 6)
 |    |    |    |---(2, 2) -> (1, 4, 6, 2)
 |    |    |    |---(4, 0) -> (1, 6, 4, 2)
 |    |    |---(2, 1) -> 2(1353)
 |    |    |    |---(4, 0) -> (1, 3, 5, 3)
 |    |    |    |---(1, 1) -> (5, 2, 4, 3)
 |    |    |---(0, 0) -> (1, 4, 4, 1)
 |    |    |---(2, 0) -> 4(3243)
 |    |    |    |---(1, 1) -> (1, 4, 5, 3)
 |    |    |    |---(3, 0) -> (3, 2, 4, 2)
 |    |    |    |---(2, 0) -> (3, 2, 6, 1)
 |    |    |    |---(2, 1) -> (4, 2, 2, 3)
 |    |    |---(1, 1) -> 2(1543)
 |    |    |    |---(4, 0) -> (1, 5, 4, 3)
 |    |    |    |---(2, 0) -> (1, 6, 2, 3)
 |    |    |---(3, 0) -> 2(3223)
 |    |    |    |---(4, 0) -> (3, 2, 2, 3)
 |    |    |    |---(2, 0) -> (4, 2, 5, 3)
 |    |    |---(4, 0) -> (3, 2, 5, 3)
 |    |    |---(1, 2) -> (3, 5, 2, 4)
 |    |    |---(1, 0) -> 3(4261)
 |    |    |    |---(2, 0) -> (4, 2, 4, 2)
 |    |    |    |---(4, 0) -> (4, 2, 6, 1)
 |    |    |    |---(2, 2) -> (6, 2, 4, 1)
 |    |    |---(0, 3) -> 3(5432)
 |    |    |    |---(2, 2) -> (4, 5, 3, 2)
 |    |    |    |---(1, 3) -> (5, 3, 2, 4)
 |    |    |    |---(4, 0) -> (5, 4, 3, 2)
 |    |---(0, 1) -> 23(4233)
 |    |    |---(0, 2) -> 2(1346)
 |    |    |    |---(4, 0) -> (1, 3, 4, 6)
 |    |    |    |---(3, 0) -> (1, 4, 4, 6)
 |    |    |---(1, 1) -> 4(1463)
 |    |    |    |---(3, 0) -> (1, 3, 6, 3)
 |    |    |    |---(4, 0) -> (1, 4, 6, 3)
 |    |    |    |---(2, 2) -> (1, 6, 4, 3)
 |    |    |    |---(1, 3) -> (6, 4, 3, 1)
 |    |    |---(1, 2) -> 4(3431)
 |    |    |    |---(1, 1) -> (3, 2, 4, 6)
 |    |    |    |---(4, 0) -> (3, 4, 3, 1)
 |    |    |    |---(0, 3) -> (4, 3, 2, 4)
 |    |    |    |---(2, 0) -> (6, 4, 3, 2)
 |    |    |---(2, 1) -> 4(4263)
 |    |    |    |---(3, 0) -> (3, 2, 6, 3)
 |    |    |    |---(1, 2) -> (4, 3, 3, 1)
 |    |    |    |---(1, 3) -> (4, 6, 3, 2)
 |    |    |    |---(2, 2) -> (6, 2, 4, 3)
 |    |    |---(0, 3) -> 3(3624)
 |    |    |    |---(2, 0) -> (3, 3, 5, 4)
 |    |    |    |---(4, 0) -> (3, 6, 2, 4)
 |    |    |    |---(2, 2) -> (6, 3, 2, 4)
 |    |    |---(0, 4) -> (3, 4, 2, 4)
 |    |    |---(1, 3) -> (3, 4, 3, 2)
 |    |    |---(2, 0) -> 2(4246)
 |    |    |    |---(4, 0) -> (4, 2, 4, 6)
 |    |    |    |---(1, 1) -> (4, 6, 3, 1)
 |    |    |---(3, 0) -> (4, 2, 6, 3)
 |    |    |---(2, 2) -> (4, 3, 3, 2)
 |    |---(0, 4) -> (1, 5, 2, 2)
 |    |---(2, 0) -> 11(2614)
 |    |    |---(1, 1) -> 2(2133)
 |    |    |    |---(4, 0) -> (2, 1, 3, 3)
 |    |    |    |---(2, 0) -> (2, 4, 3, 5)
 |    |    |---(1, 2) -> (2, 1, 3, 6)
 |    |    |---(2, 1) -> 2(2144)
 |    |    |    |---(4, 0) -> (2, 1, 4, 4)
 |    |    |    |---(2, 0) -> (6, 1, 1, 4)
 |    |    |---(2, 2) -> (2, 1, 6, 4)
 |    |    |---(2, 0) -> 2(2213)
 |    |    |    |---(4, 0) -> (2, 2, 1, 3)
 |    |    |    |---(1, 0) -> (4, 1, 1, 4)
 |    |    |---(3, 0) -> (2, 4, 1, 4)
 |    |    |---(4, 0) -> (2, 6, 1, 4)
 |    |    |---(0, 2) -> (4, 1, 3, 5)
 |    |---(3, 0) -> (2, 1, 3, 5)
 |    |---(2, 1) -> 6(2514)
 |    |    |---(2, 2) -> (2, 1, 5, 4)
 |    |    |---(2, 0) -> (2, 2, 1, 1)
 |    |    |---(4, 0) -> (2, 5, 1, 4)
 |    |    |---(1, 2) -> (3, 2, 1, 5)
 |    |    |---(1, 3) -> (4, 2, 1, 5)
 |    |    |---(2, 1) -> (5, 1, 1, 4)
 |    |---(1, 0) -> 18(2364)
 |    |    |---(1, 2) -> 3(2632)
 |    |    |    |---(1, 2) -> (2, 2, 4, 3)
 |    |    |    |---(4, 0) -> (2, 6, 3, 2)
 |    |    |    |---(1, 1) -> (3, 6, 1, 4)
 |    |    |---(2, 0) -> 3(2324)
 |    |    |    |---(2, 1) -> (2, 3, 3, 2)
 |    |    |    |---(3, 0) -> (2, 4, 2, 4)
 |    |    |    |---(2, 0) -> (4, 3, 1, 4)
 |    |    |---(3, 0) -> (2, 3, 4, 4)
 |    |    |---(4, 0) -> (2, 3, 6, 4)
 |    |    |---(1, 3) -> 2(2433)
 |    |    |    |---(4, 0) -> (2, 4, 3, 3)
 |    |    |    |---(3, 0) -> (2, 4, 3, 6)
 |    |    |---(2, 1) -> 3(3164)
 |    |    |    |---(1, 1) -> (2, 6, 2, 4)
 |    |    |    |---(4, 0) -> (3, 1, 6, 4)
 |    |    |    |---(1, 3) -> (6, 3, 1, 4)
 |    |    |---(1, 1) -> 2(3144)
 |    |    |    |---(4, 0) -> (3, 1, 4, 4)
 |    |    |    |---(2, 2) -> (3, 4, 1, 4)
 |    |    |---(0, 3) -> 3(4133)
 |    |    |    |---(4, 0) -> (4, 1, 3, 3)
 |    |    |    |---(3, 0) -> (4, 1, 3, 6)
 |    |    |    |---(2, 0) -> (4, 4, 3, 5)
 |    |---(0, 0) -> 4(3344)
 |    |    |---(4, 0) -> (3, 3, 4, 4)
 |    |    |---(3, 0) -> (3, 3, 6, 4)
 |    |    |---(0, 4) -> (4, 4, 3, 3)
 |    |    |---(0, 3) -> (4, 4, 3, 6)
 |---(2, 1) -> 48(1325)
 |    |---(2, 0) -> 6(1124)
 |    |    |---(4, 0) -> (1, 1, 2, 4)
 |    |    |---(2, 1) -> (1, 3, 1, 4)
 |    |    |---(2, 0) -> 2(1344)
 |    |    |    |---(4, 0) -> (1, 3, 4, 4)
 |    |    |    |---(3, 0) -> (1, 3, 6, 4)
 |    |    |---(3, 0) -> 2(1424)
 |    |    |    |---(4, 0) -> (1, 4, 2, 4)
 |    |    |    |---(3, 0) -> (1, 6, 2, 4)
 |    |---(1, 2) -> 7(1122)
 |    |    |---(3, 0) -> (1, 1, 3, 2)
 |    |    |---(1, 2) -> (1, 2, 1, 3)
 |    |    |---(2, 1) -> (1, 2, 4, 2)
 |    |    |---(1, 1) -> (1, 2, 6, 3)
 |    |    |---(1, 0) -> (1, 4, 3, 3)
 |    |    |---(2, 0) -> (1, 6, 3, 2)
 |    |    |---(0, 1) -> (4, 2, 3, 5)
 |    |---(2, 1) -> 6(1245)
 |    |    |---(2, 0) -> (1, 2, 2, 3)
 |    |    |---(4, 0) -> (1, 2, 4, 5)
 |    |    |---(1, 1) -> (1, 3, 3, 2)
 |    |    |---(1, 2) -> (1, 3, 5, 4)
 |    |    |---(2, 1) -> (1, 4, 3, 5)
 |    |    |---(1, 3) -> (1, 5, 2, 4)
 |    |---(1, 1) -> 6(1341)
 |    |    |---(3, 0) -> (1, 2, 4, 1)
 |    |    |---(2, 0) -> (1, 2, 4, 6)
 |    |    |---(2, 2) -> (1, 4, 3, 1)
 |    |    |---(1, 2) -> (1, 4, 3, 6)
 |    |    |---(1, 1) -> (2, 3, 3, 4)
 |    |    |---(0, 2) -> (3, 2, 2, 4)
 |    |---(1, 3) -> 2(1253)
 |    |    |---(4, 0) -> (1, 2, 5, 3)
 |    |    |---(1, 3) -> (1, 5, 3, 2)
 |    |---(0, 3) -> 9(2554)
 |    |    |---(2, 0) -> (2, 2, 1, 4)
 |    |    |---(3, 0) -> (2, 5, 3, 4)
 |    |    |---(1, 0) -> (3, 1, 3, 4)
 |    |    |---(2, 1) -> (3, 2, 5, 4)
 |    |    |---(0, 3) -> (4, 2, 3, 2)
 |    |    |---(0, 2) -> (4, 2, 3, 3)
 |    |    |---(1, 1) -> (5, 1, 3, 4)
 |    |    |---(1, 2) -> (5, 2, 1, 4)
 |    |    |---(0, 1) -> (6, 2, 3, 1)
 |    |---(0, 4) -> 3(2331)
 |    |    |---(3, 0) -> (2, 2, 3, 1)
 |    |    |---(2, 2) -> (3, 2, 3, 1)
 |    |    |---(2, 1) -> (5, 2, 3, 1)
 |    |---(0, 2) -> 9(4134)
 |    |    |---(2, 1) -> 2(2434)
 |    |    |    |---(4, 0) -> (2, 4, 3, 4)
 |    |    |    |---(1, 2) -> (4, 2, 1, 4)
 |    |    |---(2, 0) -> 2(2634)
 |    |    |    |---(4, 0) -> (2, 6, 3, 4)
 |    |    |    |---(1, 3) -> (4, 2, 3, 6)
 |    |    |---(1, 2) -> (3, 2, 4, 4)
 |    |    |---(1, 1) -> 2(3264)
 |    |    |    |---(4, 0) -> (3, 2, 6, 4)
 |    |    |    |---(2, 1) -> (6, 2, 1, 4)
 |    |    |---(4, 0) -> (4, 1, 3, 4)
 |    |    |---(3, 0) -> (6, 1, 3, 4)
 |---(3, 0) -> 20(1356)
 |    |---(1, 1) -> 5(1242)
 |    |    |---(1, 1) -> (1, 1, 3, 4)
 |    |    |---(2, 0) -> (1, 2, 3, 1)
 |    |    |---(3, 0) -> (1, 2, 3, 2)
 |    |    |---(2, 1) -> (1, 2, 6, 4)
 |    |    |---(1, 2) -> (1, 4, 3, 4)
 |    |---(1, 0) -> 3(1124)
 |    |    |---(2, 2) -> (1, 2, 1, 4)
 |    |    |---(3, 0) -> (1, 2, 2, 4)
 |    |    |---(2, 1) -> (1, 2, 4, 4)
 |    |---(1, 2) -> 4(1235)
 |    |    |---(3, 0) -> (1, 2, 3, 3)
 |    |    |---(4, 0) -> (1, 2, 3, 5)
 |    |    |---(2, 1) -> (1, 5, 3, 4)
 |    |    |---(2, 0) -> (1, 6, 3, 4)
 |    |---(2, 1) -> (1, 2, 3, 6)
 |    |---(2, 0) -> 2(1254)
 |    |    |---(4, 0) -> (1, 2, 5, 4)
 |    |    |---(2, 0) -> (1, 3, 3, 4)
 |    |---(0, 1) -> 2(2234)
 |    |    |---(4, 0) -> (2, 2, 3, 4)
 |    |    |---(3, 0) -> (4, 2, 3, 4)
 |    |---(0, 2) -> 3(3254)
 |    |    |---(3, 0) -> (3, 2, 3, 4)
 |    |    |---(2, 2) -> (5, 2, 3, 4)
 |    |    |---(2, 1) -> (6, 2, 3, 4)
 |---(4, 0) -> (1, 2, 3, 4)
 |---(2, 2) -> 6(1123)
 |    |---(2, 1) -> 2(1243)
 |    |    |---(4, 0) -> (1, 2, 4, 3)
 |    |    |---(1, 3) -> (1, 3, 2, 4)
 |    |---(1, 2) -> 2(1432)
 |    |    |---(4, 0) -> (1, 4, 3, 2)
 |    |    |---(1, 3) -> (2, 1, 3, 4)
 |    |---(0, 3) -> 2(3214)
 |    |    |---(4, 0) -> (3, 2, 1, 4)
 |    |    |---(1, 3) -> (4, 2, 3, 1)
 |---(1, 3) -> 32(1143)
 |    |---(1, 1) -> 6(1322)
 |    |    |---(4, 0) -> (1, 3, 2, 2)
 |    |    |---(3, 0) -> (1, 4, 2, 2)
 |    |    |---(1, 2) -> (2, 1, 2, 4)
 |    |    |---(1, 3) -> (2, 1, 3, 2)
 |    |    |---(0, 4) -> (3, 2, 1, 3)
 |    |    |---(0, 2) -> (4, 2, 4, 1)
 |    |---(2, 0) -> 4(3243)
 |    |    |---(1, 2) -> (1, 3, 2, 3)
 |    |    |---(1, 1) -> (1, 4, 4, 2)
 |    |    |---(4, 0) -> (3, 2, 4, 3)
 |    |    |---(3, 0) -> (4, 2, 4, 3)
 |    |---(2, 1) -> 2(1342)
 |    |    |---(4, 0) -> (1, 3, 4, 2)
 |    |    |---(1, 3) -> (1, 4, 2, 3)
 |    |---(3, 0) -> 2(1343)
 |    |    |---(4, 0) -> (1, 3, 4, 3)
 |    |    |---(3, 0) -> (1, 4, 4, 3)
 |    |---(1, 2) -> 6(3144)
 |    |    |---(2, 0) -> (2, 1, 1, 4)
 |    |    |---(1, 1) -> (2, 1, 3, 1)
 |    |    |---(3, 0) -> (3, 1, 2, 4)
 |    |    |---(2, 1) -> (3, 2, 4, 1)
 |    |    |---(1, 2) -> (4, 1, 3, 2)
 |    |    |---(0, 3) -> (4, 2, 1, 3)
 |    |---(0, 3) -> 6(2214)
 |    |    |---(3, 0) -> (2, 3, 1, 4)
 |    |    |---(1, 2) -> (2, 4, 3, 1)
 |    |    |---(2, 0) -> (3, 2, 1, 1)
 |    |    |---(1, 1) -> (3, 3, 2, 4)
 |    |    |---(2, 1) -> (4, 2, 1, 1)
 |    |    |---(0, 3) -> (4, 4, 3, 2)
 |    |---(0, 2) -> 2(2324)
 |    |    |---(4, 0) -> (2, 3, 2, 4)
 |    |    |---(1, 3) -> (2, 4, 3, 2)
 |    |---(1, 3) -> 2(3114)
 |    |    |---(4, 0) -> (3, 1, 1, 4)
 |    |    |---(1, 3) -> (4, 1, 3, 1)
 |    |---(0, 4) -> 2(3314)
 |    |    |---(4, 0) -> (3, 3, 1, 4)
 |    |    |---(0, 4) -> (4, 4, 3, 1)
 |---(0, 4) -> 81(2311)
 |    |---(3, 0) -> 8(4312)
 |    |    |---(1, 1) -> (2, 1, 1, 1)
 |    |    |---(3, 0) -> 2(2312)
 |    |    |    |---(4, 0) -> (2, 3, 1, 2)
 |    |    |    |---(2, 0) -> (4, 3, 1, 1)
 |    |    |---(2, 1) -> (2, 3, 1, 3)
 |    |    |---(1, 3) -> 2(2321)
 |    |    |    |---(4, 0) -> (2, 3, 2, 1)
 |    |    |    |---(3, 0) -> (2, 3, 4, 1)
 |    |    |---(1, 2) -> (2, 4, 1, 1)
 |    |    |---(2, 0) -> (3, 3, 1, 1)
 |    |---(2, 1) -> 10(2411)
 |    |    |---(2, 1) -> 2(2112)
 |    |    |    |---(4, 0) -> (2, 1, 1, 2)
 |    |    |    |---(2, 2) -> (2, 1, 2, 1)
 |    |    |---(2, 2) -> (2, 1, 4, 1)
 |    |    |---(3, 0) -> 2(2413)
 |    |    |    |---(4, 0) -> (2, 4, 1, 3)
 |    |    |    |---(2, 1) -> (3, 4, 1, 1)
 |    |    |---(2, 0) -> (3, 1, 1, 1)
 |    |    |---(1, 1) -> 2(3312)
 |    |    |    |---(4, 0) -> (3, 3, 1, 2)
 |    |    |    |---(2, 2) -> (3, 3, 2, 1)
 |    |    |---(1, 2) -> 2(4312)
 |    |    |    |---(4, 0) -> (4, 3, 1, 2)
 |    |    |    |---(2, 2) -> (4, 3, 2, 1)
 |    |---(2, 2) -> (2, 1, 1, 3)
 |    |---(1, 1) -> 13(3442)
 |    |    |---(1, 0) -> (2, 1, 2, 2)
 |    |    |---(2, 0) -> (2, 1, 4, 2)
 |    |    |---(1, 3) -> (2, 4, 2, 3)
 |    |    |---(2, 2) -> 2(2443)
 |    |    |    |---(4, 0) -> (2, 4, 4, 3)
 |    |    |    |---(1, 3) -> (4, 3, 4, 2)
 |    |    |---(1, 1) -> 2(3323)
 |    |    |    |---(4, 0) -> (3, 3, 2, 3)
 |    |    |    |---(0, 0) -> (4, 1, 4, 1)
 |    |    |---(3, 0) -> 2(3342)
 |    |    |    |---(4, 0) -> (3, 3, 4, 2)
 |    |    |    |---(2, 0) -> (3, 4, 4, 1)
 |    |    |---(0, 4) -> (4, 3, 2, 3)
 |    |    |---(2, 1) -> (4, 4, 1, 2)
 |    |    |---(1, 2) -> 2(4413)
 |    |    |    |---(4, 0) -> (4, 4, 1, 3)
 |    |    |    |---(2, 1) -> (4, 4, 2, 1)
 |    |---(1, 2) -> 11(3312)
 |    |    |---(0, 4) -> (2, 1, 2, 3)
 |    |    |---(0, 3) -> 2(2143)
 |    |    |    |---(4, 0) -> (2, 1, 4, 3)
 |    |    |    |---(1, 2) -> (4, 1, 2, 1)
 |    |    |---(1, 2) -> 2(3141)
 |    |    |    |---(4, 0) -> (3, 1, 4, 1)
 |    |    |    |---(2, 1) -> (3, 4, 2, 1)
 |    |    |---(3, 0) -> 2(3322)
 |    |    |    |---(4, 0) -> (3, 3, 2, 2)
 |    |    |    |---(2, 0) -> (3, 4, 1, 2)
 |    |    |---(2, 1) -> (3, 4, 1, 3)
 |    |    |---(2, 0) -> 2(4112)
 |    |    |    |---(4, 0) -> (4, 1, 1, 2)
 |    |    |    |---(2, 0) -> (4, 3, 2, 2)
 |    |    |---(1, 1) -> (4, 1, 1, 3)
 |    |---(4, 0) -> (2, 3, 1, 1)
 |    |---(2, 0) -> 13(1343)
 |    |    |---(1, 0) -> (2, 3, 2, 2)
 |    |    |---(2, 0) -> 2(2323)
 |    |    |    |---(4, 0) -> (2, 3, 2, 3)
 |    |    |    |---(2, 1) -> (2, 3, 4, 2)
 |    |    |---(3, 0) -> (2, 3, 4, 3)
 |    |    |---(0, 2) -> 2(2412)
 |    |    |    |---(4, 0) -> (2, 4, 1, 2)
 |    |    |    |---(2, 2) -> (2, 4, 2, 1)
 |    |    |---(1, 1) -> (2, 4, 4, 1)
 |    |    |---(2, 1) -> 2(3313)
 |    |    |    |---(4, 0) -> (3, 3, 1, 3)
 |    |    |    |---(1, 1) -> (4, 3, 4, 1)
 |    |    |---(2, 2) -> 2(3341)
 |    |    |    |---(4, 0) -> (3, 3, 4, 1)
 |    |    |    |---(1, 3) -> (4, 3, 1, 3)
 |    |    |---(0, 4) -> 2(4111)
 |    |    |    |---(4, 0) -> (4, 1, 1, 1)
 |    |    |    |---(3, 0) -> (4, 4, 1, 1)
 |    |---(1, 0) -> 5(2442)
 |    |    |---(3, 0) -> (2, 4, 2, 2)
 |    |    |---(4, 0) -> (2, 4, 4, 2)
 |    |    |---(1, 0) -> (3, 3, 4, 3)
 |    |    |---(1, 1) -> (4, 3, 4, 3)
 |    |    |---(2, 0) -> (4, 4, 4, 1)
 |    |---(1, 3) -> 3(3112)
 |    |    |---(4, 0) -> (3, 1, 1, 2)
 |    |    |---(3, 0) -> (3, 1, 1, 3)
 |    |    |---(2, 2) -> (3, 1, 2, 1)
 |    |---(0, 4) -> 2(3122)
 |    |    |---(4, 0) -> (3, 1, 2, 2)
 |    |    |---(3, 0) -> (3, 1, 2, 3)
 |    |---(0, 3) -> 6(3243)
 |    |    |---(2, 1) -> (3, 1, 4, 2)
 |    |    |---(3, 0) -> (3, 1, 4, 3)
 |    |    |---(1, 3) -> (3, 4, 2, 2)
 |    |    |---(2, 2) -> (3, 4, 2, 3)
 |    |    |---(0, 3) -> (4, 1, 2, 2)
 |    |    |---(1, 2) -> (4, 1, 2, 3)
 |    |---(0, 2) -> 6(2442)
 |    |    |---(3, 0) -> (3, 4, 4, 2)
 |    |    |---(2, 0) -> (3, 4, 4, 3)
 |    |    |---(2, 1) -> (4, 1, 4, 2)
 |    |    |---(1, 1) -> (4, 1, 4, 3)
 |    |    |---(2, 2) -> (4, 4, 2, 2)
 |    |    |---(1, 2) -> (4, 4, 2, 3)
 |    |---(0, 1) -> 2(4442)
 |    |    |---(4, 0) -> (4, 4, 4, 2)
 |    |    |---(3, 0) -> (4, 4, 4, 3)
 |---(0, 3) -> 216(2355)
 |    |---(2, 0) -> 24(2415)
 |    |    |---(3, 0) -> 3(2425)
 |    |    |    |---(2, 0) -> (2, 1, 1, 5)
 |    |    |    |---(4, 0) -> (2, 4, 2, 5)
 |    |    |    |---(3, 0) -> (2, 4, 4, 5)
 |    |    |---(2, 1) -> 3(2125)
 |    |    |    |---(4, 0) -> (2, 1, 2, 5)
 |    |    |    |---(1, 2) -> (2, 4, 5, 2)
 |    |    |    |---(1, 1) -> (4, 3, 1, 5)
 |    |    |---(2, 2) -> 2(2145)
 |    |    |    |---(4, 0) -> (2, 1, 4, 5)
 |    |    |    |---(1, 3) -> (2, 4, 5, 1)
 |    |    |---(1, 3) -> (2, 1, 5, 1)
 |    |    |---(1, 2) -> 2(2152)
 |    |    |    |---(4, 0) -> (2, 1, 5, 2)
 |    |    |    |---(0, 1) -> (4, 3, 4, 5)
 |    |    |---(2, 0) -> 2(2316)
 |    |    |    |---(4, 0) -> (2, 3, 1, 6)
 |    |    |    |---(2, 0) -> (3, 3, 1, 5)
 |    |    |---(1, 0) -> 3(2362)
 |    |    |    |---(2, 2) -> (2, 3, 2, 6)
 |    |    |    |---(4, 0) -> (2, 3, 6, 2)
 |    |    |    |---(3, 0) -> (2, 3, 6, 3)
 |    |    |---(1, 1) -> 3(2346)
 |    |    |    |---(4, 0) -> (2, 3, 4, 6)
 |    |    |    |---(2, 1) -> (2, 3, 6, 1)
 |    |    |    |---(2, 0) -> (3, 3, 4, 5)
 |    |    |---(4, 0) -> (2, 4, 1, 5)
 |    |    |---(0, 2) -> 2(3351)
 |    |    |    |---(4, 0) -> (3, 3, 5, 1)
 |    |    |    |---(2, 1) -> (4, 3, 5, 3)
 |    |    |---(0, 1) -> (3, 3, 5, 3)
 |    |    |---(0, 3) -> (4, 3, 5, 1)
 |    |---(1, 0) -> 34(2146)
 |    |    |---(3, 0) -> 3(2116)
 |    |    |    |---(4, 0) -> (2, 1, 1, 6)
 |    |    |    |---(3, 0) -> (2, 1, 2, 6)
 |    |    |    |---(2, 0) -> (2, 4, 4, 6)
 |    |    |---(4, 0) -> (2, 1, 4, 6)
 |    |    |---(2, 1) -> 4(2162)
 |    |    |    |---(3, 0) -> (2, 1, 6, 1)
 |    |    |    |---(4, 0) -> (2, 1, 6, 2)
 |    |    |    |---(1, 2) -> (2, 4, 2, 6)
 |    |    |    |---(2, 1) -> (2, 6, 4, 2)
 |    |    |---(2, 2) -> 2(2416)
 |    |    |    |---(4, 0) -> (2, 4, 1, 6)
 |    |    |    |---(1, 3) -> (2, 6, 4, 1)
 |    |    |---(1, 3) -> 2(2461)
 |    |    |    |---(4, 0) -> (2, 4, 6, 1)
 |    |    |    |---(2, 1) -> (2, 6, 1, 1)
 |    |    |---(1, 2) -> 5(2612)
 |    |    |    |---(2, 1) -> (2, 4, 6, 2)
 |    |    |    |---(4, 0) -> (2, 6, 1, 2)
 |    |    |    |---(2, 2) -> (2, 6, 2, 1)
 |    |    |    |---(1, 1) -> (4, 3, 1, 6)
 |    |    |    |---(0, 2) -> (6, 3, 4, 1)
 |    |    |---(1, 1) -> 5(4113)
 |    |    |    |---(0, 0) -> (2, 6, 2, 2)
 |    |    |    |---(1, 2) -> (3, 3, 1, 6)
 |    |    |    |---(3, 0) -> (4, 1, 1, 5)
 |    |    |    |---(2, 1) -> (4, 1, 5, 1)
 |    |    |    |---(1, 1) -> (6, 3, 4, 3)
 |    |    |---(2, 0) -> 3(4346)
 |    |    |    |---(3, 0) -> (3, 3, 4, 6)
 |    |    |    |---(2, 0) -> (4, 1, 4, 5)
 |    |    |    |---(4, 0) -> (4, 3, 4, 6)
 |    |    |---(0, 2) -> 3(3361)
 |    |    |    |---(4, 0) -> (3, 3, 6, 1)
 |    |    |    |---(2, 1) -> (4, 3, 6, 3)
 |    |    |    |---(1, 3) -> (6, 3, 1, 3)
 |    |    |---(0, 1) -> (3, 3, 6, 3)
 |    |    |---(0, 3) -> 4(4361)
 |    |    |    |---(4, 0) -> (4, 3, 6, 1)
 |    |    |    |---(1, 1) -> (4, 4, 1, 5)
 |    |    |    |---(2, 0) -> (4, 4, 5, 1)
 |    |    |    |---(2, 1) -> (6, 3, 1, 1)
 |    |    |---(1, 0) -> (4, 4, 4, 5)
 |    |---(2, 1) -> 6(4325)
 |    |    |---(0, 3) -> (2, 1, 5, 3)
 |    |    |---(0, 4) -> (2, 4, 5, 3)
 |    |    |---(3, 0) -> (3, 3, 2, 5)
 |    |    |---(1, 2) -> (3, 3, 5, 2)
 |    |    |---(4, 0) -> (4, 3, 2, 5)
 |    |    |---(2, 2) -> (4, 3, 5, 2)
 |    |---(1, 1) -> 35(4363)
 |    |    |---(2, 0) -> 4(4153)
 |    |    |    |---(2, 0) -> (2, 1, 6, 3)
 |    |    |    |---(4, 0) -> (4, 1, 5, 3)
 |    |    |    |---(3, 0) -> (4, 4, 5, 3)
 |    |    |    |---(1, 2) -> (5, 3, 1, 3)
 |    |    |---(2, 1) -> 5(6323)
 |    |    |    |---(1, 2) -> (2, 4, 6, 3)
 |    |    |    |---(1, 3) -> (3, 3, 6, 2)
 |    |    |    |---(2, 1) -> (4, 3, 2, 6)
 |    |    |    |---(2, 0) -> (5, 3, 4, 3)
 |    |    |    |---(4, 0) -> (6, 3, 2, 3)
 |    |    |---(0, 0) -> 4(1512)
 |    |    |    |---(2, 2) -> (2, 5, 1, 1)
 |    |    |    |---(3, 0) -> (2, 5, 1, 2)
 |    |    |    |---(1, 3) -> (2, 5, 2, 1)
 |    |    |    |---(2, 0) -> (2, 5, 2, 2)
 |    |    |---(0, 1) -> 4(2541)
 |    |    |    |---(4, 0) -> (2, 5, 4, 1)
 |    |    |    |---(3, 0) -> (2, 5, 4, 2)
 |    |    |    |---(0, 3) -> (3, 1, 1, 5)
 |    |    |    |---(1, 1) -> (3, 1, 5, 1)
 |    |    |---(1, 1) -> 5(6321)
 |    |    |    |---(0, 4) -> (2, 6, 1, 3)
 |    |    |    |---(1, 2) -> (2, 6, 2, 3)
 |    |    |    |---(2, 0) -> (5, 3, 4, 1)
 |    |    |    |---(2, 2) -> (6, 3, 1, 2)
 |    |    |    |---(4, 0) -> (6, 3, 2, 1)
 |    |    |---(1, 2) -> 3(6342)
 |    |    |    |---(1, 3) -> (2, 6, 4, 3)
 |    |    |    |---(1, 2) -> (3, 3, 2, 6)
 |    |    |    |---(4, 0) -> (6, 3, 4, 2)
 |    |    |---(0, 2) -> 3(3145)
 |    |    |    |---(4, 0) -> (3, 1, 4, 5)
 |    |    |    |---(2, 2) -> (3, 4, 1, 5)
 |    |    |    |---(1, 3) -> (3, 4, 5, 1)
 |    |    |---(0, 3) -> (3, 4, 4, 5)
 |    |    |---(1, 0) -> 5(4125)
 |    |    |    |---(4, 0) -> (4, 1, 2, 5)
 |    |    |    |---(2, 2) -> (4, 1, 5, 2)
 |    |    |    |---(3, 0) -> (4, 4, 2, 5)
 |    |    |    |---(1, 2) -> (4, 4, 5, 2)
 |    |    |    |---(0, 3) -> (5, 3, 1, 1)
 |    |    |---(3, 0) -> (4, 3, 6, 2)
 |    |---(3, 0) -> 6(2315)
 |    |    |---(4, 0) -> (2, 3, 1, 5)
 |    |    |---(3, 0) -> 2(2325)
 |    |    |    |---(4, 0) -> (2, 3, 2, 5)
 |    |    |    |---(3, 0) -> (2, 3, 4, 5)
 |    |    |---(2, 2) -> (2, 3, 5, 1)
 |    |    |---(2, 1) -> 2(2352)
 |    |    |    |---(4, 0) -> (2, 3, 5, 2)
 |    |    |    |---(3, 0) -> (2, 3, 5, 3)
 |    |---(1, 2) -> 14(3125)
 |    |    |---(0, 4) -> 2(2513)
 |    |    |    |---(4, 0) -> (2, 5, 1, 3)
 |    |    |    |---(1, 3) -> (5, 3, 1, 2)
 |    |    |---(1, 2) -> 2(2523)
 |    |    |    |---(4, 0) -> (2, 5, 2, 3)
 |    |    |    |---(0, 3) -> (3, 4, 5, 2)
 |    |    |---(0, 3) -> 2(2543)
 |    |    |    |---(4, 0) -> (2, 5, 4, 3)
 |    |    |    |---(1, 3) -> (5, 3, 4, 2)
 |    |    |---(4, 0) -> (3, 1, 2, 5)
 |    |    |---(2, 2) -> (3, 1, 5, 2)
 |    |    |---(2, 1) -> (3, 1, 5, 3)
 |    |    |---(3, 0) -> (3, 4, 2, 5)
 |    |    |---(1, 1) -> 2(3453)
 |    |    |    |---(4, 0) -> (3, 4, 5, 3)
 |    |    |    |---(0, 1) -> (6, 3, 2, 2)
 |    |    |---(1, 3) -> 2(5321)
 |    |    |    |---(4, 0) -> (5, 3, 2, 1)
 |    |    |    |---(3, 0) -> (5, 3, 2, 3)
 |    |---(0, 1) -> 35(3461)
 |    |    |---(1, 3) -> 4(3146)
 |    |    |    |---(3, 0) -> (3, 1, 1, 6)
 |    |    |    |---(4, 0) -> (3, 1, 4, 6)
 |    |    |    |---(1, 3) -> (4, 1, 6, 3)
 |    |    |    |---(0, 4) -> (6, 4, 1, 3)
 |    |    |---(3, 0) -> (3, 1, 6, 1)
 |    |    |---(2, 2) -> 2(3416)
 |    |    |    |---(4, 0) -> (3, 4, 1, 6)
 |    |    |    |---(1, 3) -> (3, 6, 4, 1)
 |    |    |---(2, 1) -> 4(3426)
 |    |    |    |---(3, 0) -> (3, 4, 4, 6)
 |    |    |    |---(1, 1) -> (3, 6, 1, 1)
 |    |    |    |---(1, 2) -> (4, 4, 6, 3)
 |    |    |    |---(2, 1) -> (6, 4, 2, 1)
 |    |    |---(4, 0) -> (3, 4, 6, 1)
 |    |    |---(0, 3) -> 5(4642)
 |    |    |    |---(1, 2) -> (4, 1, 2, 6)
 |    |    |    |---(3, 0) -> (4, 6, 1, 2)
 |    |    |    |---(4, 0) -> (4, 6, 4, 2)
 |    |    |    |---(1, 1) -> (6, 1, 1, 2)
 |    |    |    |---(2, 1) -> (6, 1, 4, 2)
 |    |    |---(1, 2) -> 5(4621)
 |    |    |    |---(1, 3) -> (4, 1, 6, 2)
 |    |    |    |---(2, 0) -> (4, 5, 4, 1)
 |    |    |    |---(4, 0) -> (4, 6, 2, 1)
 |    |    |    |---(0, 4) -> (6, 4, 1, 2)
 |    |    |    |---(0, 3) -> (6, 4, 4, 3)
 |    |    |---(1, 1) -> 5(5141)
 |    |    |    |---(0, 2) -> (4, 4, 2, 6)
 |    |    |    |---(1, 3) -> (4, 5, 1, 1)
 |    |    |    |---(4, 0) -> (5, 1, 4, 1)
 |    |    |    |---(2, 0) -> (6, 1, 2, 1)
 |    |    |    |---(1, 0) -> (6, 4, 4, 2)
 |    |    |---(2, 0) -> 3(5441)
 |    |    |    |---(1, 1) -> (4, 4, 6, 2)
 |    |    |    |---(3, 0) -> (5, 4, 1, 1)
 |    |    |    |---(4, 0) -> (5, 4, 4, 1)
 |    |    |---(0, 4) -> 4(4613)
 |    |    |    |---(4, 0) -> (4, 6, 1, 3)
 |    |    |    |---(3, 0) -> (4, 6, 4, 3)
 |    |    |    |---(2, 1) -> (6, 1, 1, 3)
 |    |    |    |---(1, 3) -> (6, 1, 4, 3)
 |    |    |---(1, 0) -> (5, 1, 1, 1)
 |    |---(0, 2) -> 34(5423)
 |    |    |---(1, 1) -> 5(3123)
 |    |    |    |---(3, 0) -> (3, 1, 2, 6)
 |    |    |    |---(2, 1) -> (3, 6, 2, 1)
 |    |    |    |---(2, 0) -> (3, 6, 4, 3)
 |    |    |    |---(1, 0) -> (4, 6, 2, 2)
 |    |    |    |---(1, 1) -> (5, 1, 1, 2)
 |    |    |---(0, 2) -> 3(3612)
 |    |    |    |---(2, 2) -> (3, 1, 6, 2)
 |    |    |    |---(2, 0) -> (3, 5, 1, 1)
 |    |    |    |---(4, 0) -> (3, 6, 1, 2)
 |    |    |---(1, 0) -> 3(3163)
 |    |    |    |---(4, 0) -> (3, 1, 6, 3)
 |    |    |    |---(2, 2) -> (3, 6, 1, 3)
 |    |    |    |---(1, 1) -> (6, 1, 2, 2)
 |    |    |---(2, 1) -> 5(5442)
 |    |    |    |---(1, 1) -> (3, 4, 2, 6)
 |    |    |    |---(0, 2) -> (4, 6, 2, 3)
 |    |    |    |---(2, 0) -> (5, 1, 4, 3)
 |    |    |    |---(3, 0) -> (5, 4, 1, 2)
 |    |    |    |---(4, 0) -> (5, 4, 4, 2)
 |    |    |---(1, 2) -> 4(4512)
 |    |    |    |---(1, 1) -> (3, 4, 6, 2)
 |    |    |    |---(3, 0) -> (4, 5, 1, 3)
 |    |    |    |---(2, 2) -> (4, 5, 2, 1)
 |    |    |    |---(1, 3) -> (5, 1, 4, 2)
 |    |    |---(2, 0) -> 5(5113)
 |    |    |    |---(1, 0) -> (3, 4, 6, 3)
 |    |    |    |---(4, 0) -> (5, 1, 1, 3)
 |    |    |    |---(2, 1) -> (5, 1, 2, 1)
 |    |    |    |---(2, 0) -> (6, 1, 2, 3)
 |    |    |    |---(0, 0) -> (6, 4, 2, 2)
 |    |    |---(0, 3) -> 3(3541)
 |    |    |    |---(4, 0) -> (3, 5, 4, 1)
 |    |    |    |---(2, 0) -> (3, 6, 4, 2)
 |    |    |    |---(1, 2) -> (4, 5, 1, 2)
 |    |    |---(0, 4) -> (4, 5, 4, 2)
 |    |    |---(1, 3) -> (4, 5, 4, 3)
 |    |    |---(3, 0) -> 4(5413)
 |    |    |    |---(4, 0) -> (5, 4, 1, 3)
 |    |    |    |---(2, 1) -> (5, 4, 2, 1)
 |    |    |    |---(3, 0) -> (5, 4, 4, 3)
 |    |    |    |---(2, 0) -> (6, 4, 2, 3)
 |    |---(0, 3) -> 13(3542)
 |    |    |---(3, 0) -> 2(3512)
 |    |    |    |---(4, 0) -> (3, 5, 1, 2)
 |    |    |    |---(2, 0) -> (3, 5, 4, 3)
 |    |    |---(2, 0) -> 2(3513)
 |    |    |    |---(4, 0) -> (3, 5, 1, 3)
 |    |    |    |---(1, 0) -> (3, 6, 2, 2)
 |    |    |---(2, 1) -> 2(3521)
 |    |    |    |---(4, 0) -> (3, 5, 2, 1)
 |    |    |    |---(2, 0) -> (4, 5, 2, 2)
 |    |    |---(4, 0) -> (3, 5, 4, 2)
 |    |    |---(1, 1) -> 2(3623)
 |    |    |    |---(4, 0) -> (3, 6, 2, 3)
 |    |    |    |---(1, 0) -> (5, 1, 2, 2)
 |    |    |---(1, 3) -> (4, 5, 2, 3)
 |    |    |---(0, 3) -> (5, 1, 2, 3)
 |    |    |---(1, 2) -> (5, 4, 2, 2)
 |    |    |---(0, 4) -> (5, 4, 2, 3)
 |    |---(0, 4) -> 2(3522)
 |    |    |---(4, 0) -> (3, 5, 2, 2)
 |    |    |---(3, 0) -> (3, 5, 2, 3)
 |    |---(0, 0) -> 12(4116)
 |    |    |---(4, 0) -> (4, 1, 1, 6)
 |    |    |---(3, 0) -> 2(4146)
 |    |    |    |---(4, 0) -> (4, 1, 4, 6)
 |    |    |    |---(2, 2) -> (4, 4, 1, 6)
 |    |    |---(2, 2) -> 2(4161)
 |    |    |    |---(4, 0) -> (4, 1, 6, 1)
 |    |    |    |---(2, 2) -> (4, 6, 1, 1)
 |    |    |---(2, 0) -> (4, 4, 4, 6)
 |    |    |---(1, 2) -> 2(4461)
 |    |    |    |---(4, 0) -> (4, 4, 6, 1)
 |    |    |    |---(2, 2) -> (4, 6, 4, 1)
 |    |    |---(2, 1) -> (6, 1, 1, 1)
 |    |    |---(1, 3) -> 2(6141)
 |    |    |    |---(4, 0) -> (6, 1, 4, 1)
 |    |    |    |---(2, 2) -> (6, 4, 1, 1)
 |    |    |---(0, 4) -> (6, 4, 4, 1)
 |    |---(1, 3) -> (5, 3, 2, 2)
 |---(0, 2) -> 216(2115)
 |    |---(3, 0) -> 6(5125)
 |    |    |---(2, 2) -> (2, 1, 5, 5)
 |    |    |---(2, 1) -> (2, 1, 6, 5)
 |    |    |---(1, 3) -> (2, 5, 1, 5)
 |    |    |---(1, 2) -> (2, 6, 1, 5)
 |    |    |---(3, 0) -> (5, 1, 1, 5)
 |    |    |---(2, 0) -> (6, 1, 1, 5)
 |    |---(2, 1) -> 5(5125)
 |    |    |---(1, 2) -> (2, 1, 5, 6)
 |    |    |---(0, 3) -> (2, 5, 1, 6)
 |    |    |---(2, 0) -> (5, 1, 1, 6)
 |    |    |---(4, 0) -> (5, 1, 2, 5)
 |    |    |---(3, 0) -> (6, 1, 2, 5)
 |    |---(2, 0) -> 25(4615)
 |    |    |---(0, 3) -> (2, 1, 6, 6)
 |    |    |---(1, 0) -> 2(2355)
 |    |    |    |---(4, 0) -> (2, 3, 5, 5)
 |    |    |    |---(2, 1) -> (2, 5, 2, 5)
 |    |    |---(1, 1) -> 4(2545)
 |    |    |    |---(2, 0) -> (2, 3, 6, 5)
 |    |    |    |---(2, 2) -> (2, 4, 5, 5)
 |    |    |    |---(4, 0) -> (2, 5, 4, 5)
 |    |    |    |---(1, 1) -> (3, 1, 5, 5)
 |    |    |---(1, 2) -> 4(6145)
 |    |    |    |---(1, 2) -> (2, 4, 6, 5)
 |    |    |    |---(2, 1) -> (3, 1, 6, 5)
 |    |    |    |---(3, 0) -> (5, 1, 4, 5)
 |    |    |    |---(2, 0) -> (6, 1, 1, 6)
 |    |    |---(2, 0) -> 4(3215)
 |    |    |    |---(1, 1) -> (2, 6, 1, 6)
 |    |    |    |---(1, 2) -> (2, 6, 2, 5)
 |    |    |    |---(3, 0) -> (3, 5, 1, 5)
 |    |    |    |---(2, 1) -> (5, 3, 1, 5)
 |    |    |---(2, 1) -> 4(5415)
 |    |    |    |---(1, 1) -> (2, 6, 4, 5)
 |    |    |    |---(1, 3) -> (4, 1, 5, 5)
 |    |    |    |---(4, 0) -> (5, 4, 1, 5)
 |    |    |    |---(2, 0) -> (6, 3, 1, 5)
 |    |    |---(3, 0) -> 2(3615)
 |    |    |    |---(4, 0) -> (3, 6, 1, 5)
 |    |    |    |---(2, 0) -> (4, 5, 1, 5)
 |    |    |---(2, 2) -> 2(4165)
 |    |    |    |---(4, 0) -> (4, 1, 6, 5)
 |    |    |    |---(1, 3) -> (6, 4, 1, 5)
 |    |    |---(4, 0) -> (4, 6, 1, 5)
 |    |    |---(1, 3) -> (6, 1, 4, 5)
 |    |---(1, 1) -> 33(6316)
 |    |    |---(2, 0) -> 4(4316)
 |    |    |    |---(2, 0) -> (2, 3, 5, 6)
 |    |    |    |---(3, 0) -> (4, 5, 1, 6)
 |    |    |    |---(2, 1) -> (5, 4, 1, 6)
 |    |    |    |---(1, 1) -> (6, 3, 2, 5)
 |    |    |---(1, 0) -> 5(2456)
 |    |    |    |---(4, 0) -> (2, 4, 5, 6)
 |    |    |    |---(2, 1) -> (2, 5, 2, 6)
 |    |    |    |---(2, 2) -> (2, 5, 4, 6)
 |    |    |    |---(0, 3) -> (5, 3, 2, 5)
 |    |    |    |---(1, 3) -> (6, 4, 2, 5)
 |    |    |---(0, 1) -> 4(2625)
 |    |    |    |---(1, 3) -> (2, 5, 6, 2)
 |    |    |    |---(2, 2) -> (2, 6, 5, 2)
 |    |    |    |---(2, 0) -> (3, 5, 2, 5)
 |    |    |    |---(3, 0) -> (4, 6, 2, 5)
 |    |    |---(0, 2) -> 3(2653)
 |    |    |    |---(2, 2) -> (2, 5, 6, 3)
 |    |    |    |---(4, 0) -> (2, 6, 5, 3)
 |    |    |    |---(1, 3) -> (3, 6, 2, 5)
 |    |    |---(0, 3) -> 2(2661)
 |    |    |    |---(4, 0) -> (2, 6, 6, 1)
 |    |    |    |---(1, 1) -> (5, 1, 6, 3)
 |    |    |---(1, 2) -> 4(6153)
 |    |    |    |---(2, 2) -> (3, 1, 5, 6)
 |    |    |    |---(1, 3) -> (5, 6, 1, 3)
 |    |    |    |---(4, 0) -> (6, 1, 5, 3)
 |    |    |    |---(2, 0) -> (6, 1, 6, 2)
 |    |    |---(2, 1) -> 5(6612)
 |    |    |    |---(1, 1) -> (3, 5, 1, 6)
 |    |    |    |---(1, 3) -> (6, 1, 2, 6)
 |    |    |    |---(2, 0) -> (6, 5, 1, 3)
 |    |    |    |---(3, 0) -> (6, 6, 1, 1)
 |    |    |    |---(4, 0) -> (6, 6, 1, 2)
 |    |    |---(1, 1) -> 2(4156)
 |    |    |    |---(4, 0) -> (4, 1, 5, 6)
 |    |    |    |---(2, 2) -> (5, 1, 4, 6)
 |    |    |---(0, 0) -> 2(4525)
 |    |    |    |---(4, 0) -> (4, 5, 2, 5)
 |    |    |    |---(2, 2) -> (5, 4, 2, 5)
 |    |    |---(3, 0) -> (5, 3, 1, 6)
 |    |    |---(1, 3) -> (6, 1, 6, 1)
 |    |---(1, 0) -> 31(3616)
 |    |    |---(1, 2) -> 4(2366)
 |    |    |    |---(4, 0) -> (2, 3, 6, 6)
 |    |    |    |---(2, 2) -> (2, 6, 6, 3)
 |    |    |    |---(2, 0) -> (4, 1, 6, 6)
 |    |    |    |---(1, 1) -> (6, 1, 4, 6)
 |    |    |---(1, 1) -> 4(3465)
 |    |    |    |---(2, 0) -> (2, 4, 6, 6)
 |    |    |    |---(1, 0) -> (2, 6, 6, 2)
 |    |    |    |---(3, 0) -> (3, 3, 6, 5)
 |    |    |    |---(4, 0) -> (3, 4, 6, 5)
 |    |    |---(2, 0) -> 3(2646)
 |    |    |    |---(3, 0) -> (2, 6, 2, 6)
 |    |    |    |---(4, 0) -> (2, 6, 4, 6)
 |    |    |    |---(2, 0) -> (3, 6, 4, 5)
 |    |    |---(2, 2) -> 3(6316)
 |    |    |    |---(1, 3) -> (3, 1, 6, 6)
 |    |    |    |---(4, 0) -> (6, 3, 1, 6)
 |    |    |    |---(2, 2) -> (6, 6, 1, 3)
 |    |    |---(1, 0) -> 4(3455)
 |    |    |    |---(3, 0) -> (3, 3, 5, 5)
 |    |    |    |---(4, 0) -> (3, 4, 5, 5)
 |    |    |    |---(2, 2) -> (3, 5, 4, 5)
 |    |    |    |---(1, 2) -> (4, 6, 4, 5)
 |    |    |---(4, 0) -> (3, 6, 1, 6)
 |    |    |---(0, 1) -> 4(4355)
 |    |    |    |---(4, 0) -> (4, 3, 5, 5)
 |    |    |    |---(2, 0) -> (4, 4, 6, 5)
 |    |    |    |---(2, 2) -> (5, 3, 4, 5)
 |    |    |    |---(1, 2) -> (6, 4, 4, 5)
 |    |    |---(0, 2) -> 2(4365)
 |    |    |    |---(4, 0) -> (4, 3, 6, 5)
 |    |    |    |---(2, 2) -> (6, 3, 4, 5)
 |    |    |---(0, 0) -> 3(1455)
 |    |    |    |---(3, 0) -> (4, 4, 5, 5)
 |    |    |    |---(1, 3) -> (4, 5, 4, 5)
 |    |    |    |---(2, 1) -> (5, 4, 4, 5)
 |    |    |---(3, 0) -> (4, 6, 1, 6)
 |    |    |---(0, 4) -> (6, 1, 6, 3)
 |    |    |---(2, 1) -> (6, 4, 1, 6)
 |    |---(1, 3) -> 5(5151)
 |    |    |---(2, 1) -> (2, 5, 5, 1)
 |    |    |---(4, 0) -> (5, 1, 5, 1)
 |    |    |---(3, 0) -> (5, 1, 5, 2)
 |    |    |---(2, 2) -> (5, 5, 1, 1)
 |    |    |---(1, 2) -> (5, 5, 1, 2)
 |    |---(1, 2) -> 15(5116)
 |    |    |---(0, 2) -> 2(2552)
 |    |    |    |---(4, 0) -> (2, 5, 5, 2)
 |    |    |    |---(3, 0) -> (2, 5, 5, 3)
 |    |    |---(0, 3) -> 2(2561)
 |    |    |    |---(4, 0) -> (2, 5, 6, 1)
 |    |    |    |---(2, 2) -> (2, 6, 5, 1)
 |    |    |---(3, 0) -> (5, 1, 2, 6)
 |    |    |---(2, 0) -> 2(5153)
 |    |    |    |---(4, 0) -> (5, 1, 5, 3)
 |    |    |    |---(2, 2) -> (5, 5, 1, 3)
 |    |    |---(2, 2) -> 2(5161)
 |    |    |    |---(4, 0) -> (5, 1, 6, 1)
 |    |    |    |---(2, 2) -> (5, 6, 1, 1)
 |    |    |---(2, 1) -> 2(5162)
 |    |    |    |---(4, 0) -> (5, 1, 6, 2)
 |    |    |    |---(2, 2) -> (5, 6, 1, 2)
 |    |    |---(1, 3) -> 2(6151)
 |    |    |    |---(4, 0) -> (6, 1, 5, 1)
 |    |    |    |---(2, 2) -> (6, 5, 1, 1)
 |    |    |---(1, 2) -> 2(6152)
 |    |    |    |---(4, 0) -> (6, 1, 5, 2)
 |    |    |    |---(2, 2) -> (6, 5, 1, 2)
 |    |---(0, 1) -> 33(3653)
 |    |    |---(2, 2) -> 3(3356)
 |    |    |    |---(4, 0) -> (3, 3, 5, 6)
 |    |    |    |---(1, 3) -> (3, 5, 6, 3)
 |    |    |    |---(2, 2) -> (6, 3, 5, 3)
 |    |    |---(2, 1) -> 3(6453)
 |    |    |    |---(2, 2) -> (3, 4, 5, 6)
 |    |    |    |---(1, 3) -> (5, 6, 4, 3)
 |    |    |    |---(4, 0) -> (6, 4, 5, 3)
 |    |    |---(1, 2) -> 5(4563)
 |    |    |    |---(1, 3) -> 2(3546)
 |    |    |    |    |---(4, 0) -> (3, 5, 4, 6)
 |    |    |    |    |---(1, 3) -> (4, 3, 5, 6)
 |    |    |    |---(4, 0) -> (4, 5, 6, 3)
 |    |    |    |---(2, 2) -> 2(5463)
 |    |    |    |    |---(4, 0) -> (5, 4, 6, 3)
 |    |    |    |    |---(1, 3) -> (6, 5, 4, 3)
 |    |    |---(2, 0) -> 4(3662)
 |    |    |    |---(2, 2) -> (3, 6, 2, 6)
 |    |    |    |---(3, 0) -> (3, 6, 6, 1)
 |    |    |    |---(4, 0) -> (3, 6, 6, 2)
 |    |    |    |---(1, 3) -> (6, 6, 2, 3)
 |    |    |---(4, 0) -> (3, 6, 5, 3)
 |    |    |---(1, 1) -> (4, 4, 5, 6)
 |    |    |---(0, 2) -> 5(6426)
 |    |    |    |---(1, 2) -> (4, 5, 4, 6)
 |    |    |    |---(2, 0) -> (5, 4, 4, 6)
 |    |    |    |---(4, 0) -> (6, 4, 2, 6)
 |    |    |    |---(2, 1) -> (6, 4, 6, 1)
 |    |    |    |---(2, 2) -> (6, 4, 6, 2)
 |    |    |---(1, 0) -> 5(4661)
 |    |    |    |---(2, 1) -> (4, 6, 2, 6)
 |    |    |    |---(4, 0) -> (4, 6, 6, 1)
 |    |    |    |---(3, 0) -> (4, 6, 6, 2)
 |    |    |    |---(2, 2) -> (6, 6, 4, 1)
 |    |    |    |---(1, 2) -> (6, 6, 4, 2)
 |    |    |---(3, 0) -> (4, 6, 5, 3)
 |    |    |---(0, 3) -> 4(6326)
 |    |    |    |---(2, 0) -> (5, 3, 4, 6)
 |    |    |    |---(4, 0) -> (6, 3, 2, 6)
 |    |    |    |---(2, 1) -> (6, 3, 6, 1)
 |    |    |    |---(2, 2) -> (6, 3, 6, 2)
 |    |    |---(1, 3) -> (5, 3, 6, 3)
 |    |---(0, 0) -> 13(3366)
 |    |    |---(4, 0) -> (3, 3, 6, 6)
 |    |    |---(3, 0) -> 2(3466)
 |    |    |    |---(4, 0) -> (3, 4, 6, 6)
 |    |    |    |---(2, 2) -> (4, 3, 6, 6)
 |    |    |---(2, 1) -> 2(3646)
 |    |    |    |---(4, 0) -> (3, 6, 4, 6)
 |    |    |    |---(2, 2) -> (6, 3, 4, 6)
 |    |    |---(2, 2) -> 2(3663)
 |    |    |    |---(4, 0) -> (3, 6, 6, 3)
 |    |    |    |---(2, 2) -> (6, 3, 6, 3)
 |    |    |---(2, 0) -> (4, 4, 6, 6)
 |    |    |---(1, 1) -> 2(4646)
 |    |    |    |---(4, 0) -> (4, 6, 4, 6)
 |    |    |    |---(2, 2) -> (6, 4, 4, 6)
 |    |    |---(1, 2) -> 2(4663)
 |    |    |    |---(4, 0) -> (4, 6, 6, 3)
 |    |    |    |---(2, 2) -> (6, 4, 6, 3)
 |    |    |---(0, 3) -> (6, 6, 4, 3)
 |    |---(0, 2) -> 33(4662)
 |    |    |---(0, 2) -> 5(6523)
 |    |    |    |---(2, 2) -> (3, 5, 2, 6)
 |    |    |    |---(1, 3) -> (5, 3, 2, 6)
 |    |    |    |---(1, 1) -> (6, 4, 5, 1)
 |    |    |    |---(4, 0) -> (6, 5, 2, 3)
 |    |    |    |---(2, 0) -> (6, 5, 4, 1)
 |    |    |---(0, 0) -> 2(3553)
 |    |    |    |---(4, 0) -> (3, 5, 5, 3)
 |    |    |    |---(2, 2) -> (5, 3, 5, 3)
 |    |    |---(1, 0) -> 4(3651)
 |    |    |    |---(2, 2) -> (3, 5, 6, 1)
 |    |    |    |---(4, 0) -> (3, 6, 5, 1)
 |    |    |    |---(1, 1) -> (4, 5, 5, 3)
 |    |    |    |---(1, 3) -> (5, 3, 6, 1)
 |    |    |---(2, 0) -> 5(3652)
 |    |    |    |---(2, 2) -> (3, 5, 6, 2)
 |    |    |    |---(4, 0) -> (3, 6, 5, 2)
 |    |    |    |---(0, 2) -> (4, 5, 6, 1)
 |    |    |    |---(2, 0) -> (4, 6, 5, 1)
 |    |    |    |---(1, 3) -> (5, 3, 6, 2)
 |    |    |---(1, 2) -> 4(6542)
 |    |    |    |---(1, 3) -> (4, 5, 2, 6)
 |    |    |    |---(2, 2) -> (6, 4, 5, 2)
 |    |    |    |---(4, 0) -> (6, 5, 4, 2)
 |    |    |    |---(1, 1) -> (6, 6, 2, 1)
 |    |    |---(3, 0) -> 2(4562)
 |    |    |    |---(4, 0) -> (4, 5, 6, 2)
 |    |    |    |---(2, 2) -> (4, 6, 5, 2)
 |    |    |---(0, 3) -> (5, 4, 2, 6)
 |    |    |---(0, 1) -> 3(5453)
 |    |    |    |---(4, 0) -> (5, 4, 5, 3)
 |    |    |    |---(2, 2) -> (5, 5, 4, 3)
 |    |    |    |---(1, 1) -> (6, 3, 5, 1)
 |    |    |---(1, 1) -> 4(5641)
 |    |    |    |---(2, 2) -> (5, 4, 6, 1)
 |    |    |    |---(2, 0) -> (5, 6, 2, 3)
 |    |    |    |---(4, 0) -> (5, 6, 4, 1)
 |    |    |    |---(0, 2) -> (6, 3, 5, 2)
 |    |    |---(2, 1) -> 3(5642)
 |    |    |    |---(2, 2) -> (5, 4, 6, 2)
 |    |    |    |---(4, 0) -> (5, 6, 4, 2)
 |    |    |    |---(2, 0) -> (6, 6, 2, 2)
 |    |---(0, 3) -> 15(5642)
 |    |    |---(0, 2) -> (3, 5, 5, 1)
 |    |    |---(1, 2) -> 2(3552)
 |    |    |    |---(4, 0) -> (3, 5, 5, 2)
 |    |    |    |---(2, 0) -> (6, 5, 2, 2)
 |    |    |---(0, 3) -> 2(4551)
 |    |    |    |---(4, 0) -> (4, 5, 5, 1)
 |    |    |    |---(2, 0) -> (6, 5, 2, 1)
 |    |    |---(1, 3) -> (4, 5, 5, 2)
 |    |    |---(1, 0) -> (5, 3, 5, 1)
 |    |    |---(2, 0) -> 2(5352)
 |    |    |    |---(4, 0) -> (5, 3, 5, 2)
 |    |    |    |---(1, 1) -> (5, 5, 4, 1)
 |    |    |---(1, 1) -> 2(5451)
 |    |    |    |---(4, 0) -> (5, 4, 5, 1)
 |    |    |    |---(1, 1) -> (5, 5, 2, 3)
 |    |    |---(2, 1) -> 2(5452)
 |    |    |    |---(4, 0) -> (5, 4, 5, 2)
 |    |    |    |---(1, 1) -> (5, 6, 2, 1)
 |    |    |---(3, 0) -> 2(5542)
 |    |    |    |---(4, 0) -> (5, 5, 4, 2)
 |    |    |    |---(2, 0) -> (5, 6, 2, 2)
 |    |---(0, 4) -> 2(5521)
 |    |    |---(4, 0) -> (5, 5, 2, 1)
 |    |    |---(3, 0) -> (5, 5, 2, 2)
 |---(0, 1) -> 96(2156)
 |    |---(2, 0) -> 12(3555)
 |    |    |---(3, 0) -> 2(2555)
 |    |    |    |---(4, 0) -> (2, 5, 5, 5)
 |    |    |    |---(2, 0) -> (3, 5, 5, 6)
 |    |    |---(0, 0) -> 2(2666)
 |    |    |    |---(4, 0) -> (2, 6, 6, 6)
 |    |    |    |---(2, 1) -> (6, 1, 6, 6)
 |    |    |---(2, 0) -> 2(3656)
 |    |    |    |---(4, 0) -> (3, 6, 5, 6)
 |    |    |    |---(2, 0) -> (4, 5, 5, 6)
 |    |    |---(1, 0) -> 2(4656)
 |    |    |    |---(4, 0) -> (4, 6, 5, 6)
 |    |    |    |---(2, 2) -> (6, 4, 5, 6)
 |    |    |---(2, 1) -> (5, 1, 5, 5)
 |    |    |---(1, 2) -> (5, 3, 5, 6)
 |    |    |---(1, 1) -> 2(5456)
 |    |    |    |---(4, 0) -> (5, 4, 5, 6)
 |    |    |    |---(2, 0) -> (6, 3, 5, 6)
 |    |---(3, 0) -> 4(2556)
 |    |    |---(4, 0) -> (2, 5, 5, 6)
 |    |    |---(3, 0) -> (2, 6, 5, 6)
 |    |    |---(2, 1) -> (5, 1, 5, 6)
 |    |    |---(2, 0) -> (6, 1, 5, 6)
 |    |---(1, 3) -> 8(2565)
 |    |    |---(4, 0) -> (2, 5, 6, 5)
 |    |    |---(3, 0) -> (2, 6, 6, 5)
 |    |    |---(2, 1) -> (5, 1, 6, 5)
 |    |    |---(1, 2) -> (5, 5, 1, 6)
 |    |    |---(1, 3) -> (5, 5, 2, 6)
 |    |    |---(2, 0) -> (6, 1, 6, 5)
 |    |    |---(0, 3) -> (6, 6, 5, 1)
 |    |    |---(0, 4) -> (6, 6, 5, 2)
 |    |---(2, 1) -> 4(2566)
 |    |    |---(4, 0) -> (2, 5, 6, 6)
 |    |    |---(1, 3) -> (2, 6, 5, 5)
 |    |    |---(2, 1) -> (5, 1, 6, 6)
 |    |    |---(0, 3) -> (6, 1, 5, 5)
 |    |---(1, 0) -> 10(3666)
 |    |    |---(1, 0) -> (3, 5, 5, 5)
 |    |    |---(4, 0) -> (3, 6, 6, 6)
 |    |    |---(0, 0) -> 2(4555)
 |    |    |    |---(4, 0) -> (4, 5, 5, 5)
 |    |    |    |---(2, 2) -> (5, 4, 5, 5)
 |    |    |---(3, 0) -> (4, 6, 6, 6)
 |    |    |---(0, 1) -> 2(5355)
 |    |    |    |---(4, 0) -> (5, 3, 5, 5)
 |    |    |    |---(2, 2) -> (5, 5, 5, 3)
 |    |    |---(2, 2) -> (6, 3, 6, 6)
 |    |    |---(2, 1) -> 2(6466)
 |    |    |    |---(4, 0) -> (6, 4, 6, 6)
 |    |    |    |---(2, 2) -> (6, 6, 4, 6)
 |    |---(0, 3) -> 16(5645)
 |    |    |---(1, 2) -> 3(3565)
 |    |    |    |---(4, 0) -> (3, 5, 6, 5)
 |    |    |    |---(2, 2) -> (5, 5, 6, 3)
 |    |    |    |---(2, 1) -> (6, 3, 6, 5)
 |    |    |---(2, 0) -> 2(3665)
 |    |    |    |---(4, 0) -> (3, 6, 6, 5)
 |    |    |    |---(2, 2) -> (5, 6, 6, 3)
 |    |    |---(1, 3) -> 2(4565)
 |    |    |    |---(4, 0) -> (4, 5, 6, 5)
 |    |    |    |---(2, 1) -> (6, 4, 6, 5)
 |    |    |---(2, 1) -> 2(4665)
 |    |    |    |---(4, 0) -> (4, 6, 6, 5)
 |    |    |    |---(2, 0) -> (5, 3, 6, 5)
 |    |    |---(2, 2) -> 2(5465)
 |    |    |    |---(4, 0) -> (5, 4, 6, 5)
 |    |    |    |---(1, 3) -> (6, 5, 4, 5)
 |    |    |---(3, 0) -> 2(5545)
 |    |    |    |---(4, 0) -> (5, 5, 4, 5)
 |    |    |    |---(2, 0) -> (6, 6, 4, 5)
 |    |    |---(4, 0) -> (5, 6, 4, 5)
 |    |    |---(0, 3) -> (6, 5, 6, 3)
 |    |    |---(1, 0) -> (6, 6, 6, 3)
 |    |---(1, 1) -> 16(5646)
 |    |    |---(1, 2) -> 2(3566)
 |    |    |    |---(4, 0) -> (3, 5, 6, 6)
 |    |    |    |---(1, 3) -> (3, 6, 5, 5)
 |    |    |---(1, 3) -> 2(4566)
 |    |    |    |---(4, 0) -> (4, 5, 6, 6)
 |    |    |    |---(1, 3) -> (4, 6, 5, 5)
 |    |    |---(2, 1) -> (5, 3, 6, 6)
 |    |    |---(2, 2) -> 2(5466)
 |    |    |    |---(4, 0) -> (5, 4, 6, 6)
 |    |    |    |---(1, 3) -> (6, 5, 4, 6)
 |    |    |---(1, 0) -> 2(5551)
 |    |    |    |---(4, 0) -> (5, 5, 5, 1)
 |    |    |    |---(3, 0) -> (5, 5, 5, 2)
 |    |    |---(4, 0) -> (5, 6, 4, 6)
 |    |    |---(2, 0) -> 3(6616)
 |    |    |    |---(1, 0) -> (5, 6, 5, 3)
 |    |    |    |---(4, 0) -> (6, 6, 1, 6)
 |    |    |    |---(3, 0) -> (6, 6, 2, 6)
 |    |    |---(0, 3) -> 2(6355)
 |    |    |    |---(4, 0) -> (6, 3, 5, 5)
 |    |    |    |---(2, 2) -> (6, 5, 5, 3)
 |    |    |---(0, 4) -> (6, 4, 5, 5)
 |    |---(0, 4) -> 16(5615)
 |    |    |---(3, 0) -> 3(2615)
 |    |    |    |---(2, 0) -> (5, 5, 1, 5)
 |    |    |    |---(2, 1) -> (5, 6, 2, 5)
 |    |    |    |---(3, 0) -> (6, 6, 1, 5)
 |    |    |---(2, 0) -> 3(6625)
 |    |    |    |---(2, 0) -> (5, 5, 2, 5)
 |    |    |    |---(1, 3) -> (5, 6, 6, 2)
 |    |    |    |---(4, 0) -> (6, 6, 2, 5)
 |    |    |---(1, 3) -> (5, 5, 6, 1)
 |    |    |---(1, 2) -> 2(5562)
 |    |    |    |---(4, 0) -> (5, 5, 6, 2)
 |    |    |    |---(1, 3) -> (6, 5, 2, 5)
 |    |    |---(4, 0) -> (5, 6, 1, 5)
 |    |    |---(2, 1) -> (5, 6, 6, 1)
 |    |    |---(2, 2) -> (6, 5, 1, 5)
 |    |    |---(0, 4) -> (6, 5, 6, 1)
 |    |    |---(0, 3) -> (6, 5, 6, 2)
 |    |    |---(1, 1) -> (6, 6, 6, 1)
 |    |    |---(1, 0) -> (6, 6, 6, 2)
 |    |---(1, 2) -> 10(5616)
 |    |    |---(2, 0) -> 2(5546)
 |    |    |    |---(4, 0) -> (5, 5, 4, 6)
 |    |    |    |---(1, 2) -> (5, 6, 5, 2)
 |    |    |---(4, 0) -> (5, 6, 1, 6)
 |    |    |---(3, 0) -> (5, 6, 2, 6)
 |    |    |---(2, 1) -> (5, 6, 5, 1)
 |    |    |---(2, 2) -> (6, 5, 1, 6)
 |    |    |---(1, 2) -> 2(6526)
 |    |    |    |---(4, 0) -> (6, 5, 2, 6)
 |    |    |    |---(1, 2) -> (6, 6, 5, 3)
 |    |    |---(0, 4) -> (6, 5, 5, 1)
 |    |    |---(0, 3) -> (6, 5, 5, 2)
 |---(0, 0) -> 16(1555)
 |    |---(3, 0) -> 2(5555)
 |    |    |---(4, 0) -> (5, 5, 5, 5)
 |    |    |---(3, 0) -> (6, 5, 5, 5)
 |    |---(2, 1) -> 3(5156)
 |    |    |---(3, 0) -> (5, 5, 5, 6)
 |    |    |---(1, 3) -> (5, 5, 6, 5)
 |    |    |---(2, 1) -> (5, 6, 5, 5)
 |    |---(1, 1) -> 3(5156)
 |    |    |---(2, 1) -> (5, 5, 6, 6)
 |    |    |---(3, 0) -> (5, 6, 5, 6)
 |    |    |---(1, 3) -> (5, 6, 6, 5)
 |    |---(0, 1) -> (5, 6, 6, 6)
 |    |---(2, 0) -> 3(6156)
 |    |    |---(3, 0) -> (6, 5, 5, 6)
 |    |    |---(1, 3) -> (6, 5, 6, 5)
 |    |    |---(2, 1) -> (6, 6, 5, 5)
 |    |---(1, 0) -> 3(6156)
 |    |    |---(2, 1) -> (6, 5, 6, 6)
 |    |    |---(3, 0) -> (6, 6, 5, 6)
 |    |    |---(1, 3) -> (6, 6, 6, 5)
 |    |---(0, 0) -> (6, 6, 6, 6)
