360(1234)
 |---(4, 0) -> (1, 2, 3, 4)
 |---(3, 0) -> 8(1255)
 |    |---(3, 0) -> 2(1235)
 |    |    |---(4, 0) -> (1, 2, 3, 5)
 |    |    |---(2, 1) -> (1, 2, 5, 4)
 |    |---(2, 0) -> 2(1236)
 |    |    |---(4, 0) -> (1, 2, 3, 6)
 |    |    |---(2, 1) -> (1, 2, 6, 4)
 |    |---(1, 1) -> 2(1534)
 |    |    |---(4, 0) -> (1, 5, 3, 4)
 |    |    |---(2, 1) -> (5, 2, 3, 4)
 |    |---(1, 0) -> 2(1634)
 |    |    |---(4, 0) -> (1, 6, 3, 4)
 |    |    |---(2, 1) -> (6, 2, 3, 4)
 |---(2, 2) -> 6(1123)
 |    |---(2, 1) -> 2(1243)
 |    |    |---(4, 0) -> (1, 2, 4, 3)
 |    |    |---(1, 3) -> (1, 3, 2, 4)
 |    |---(1, 2) -> 2(1432)
 |    |    |---(4, 0) -> (1, 4, 3, 2)
 |    |    |---(1, 3) -> (2, 1, 3, 4)
 |    |---(0, 3) -> 2(3214)
 |    |    |---(4, 0) -> (3, 2, 1, 4)
 |    |    |---(1, 3) -> (4, 2, 3, 1)
 |---(2, 1) -> 24(1135)
 |    |---(2, 0) -> 5(6134)
 |    |    |---(0, 2) -> (1, 2, 4, 5)
 |    |    |---(1, 3) -> (1, 4, 3, 6)
 |    |    |---(1, 2) -> (1, 6, 3, 2)
 |    |    |---(1, 1) -> (4, 2, 3, 5)
 |    |    |---(4, 0) -> (6, 1, 3, 4)
 |    |---(1, 0) -> 4(1246)
 |    |    |---(4, 0) -> (1, 2, 4, 6)
 |    |    |---(1, 3) -> (1, 6, 2, 4)
 |    |    |---(0, 3) -> (2, 6, 3, 4)
 |    |    |---(2, 1) -> (4, 2, 3, 6)
 |    |---(1, 2) -> 3(1253)
 |    |    |---(4, 0) -> (1, 2, 5, 3)
 |    |    |---(2, 1) -> (1, 3, 5, 4)
 |    |    |---(1, 3) -> (5, 2, 3, 1)
 |    |---(1, 1) -> 5(1364)
 |    |    |---(2, 1) -> (1, 2, 6, 3)
 |    |    |---(4, 0) -> (1, 3, 6, 4)
 |    |    |---(2, 0) -> (1, 5, 2, 4)
 |    |    |---(1, 1) -> (2, 5, 3, 4)
 |    |    |---(0, 3) -> (6, 2, 3, 1)
 |    |---(3, 0) -> (1, 4, 3, 5)
 |    |---(2, 1) -> 2(1532)
 |    |    |---(4, 0) -> (1, 5, 3, 2)
 |    |    |---(1, 2) -> (5, 1, 3, 4)
 |    |---(0, 2) -> 2(3254)
 |    |    |---(4, 0) -> (3, 2, 5, 4)
 |    |    |---(2, 1) -> (5, 2, 1, 4)
 |    |---(0, 1) -> 2(3264)
 |    |    |---(4, 0) -> (3, 2, 6, 4)
 |    |    |---(2, 1) -> (6, 2, 1, 4)
 |---(2, 0) -> 12(1556)
 |    |---(3, 0) -> 2(1256)
 |    |    |---(4, 0) -> (1, 2, 5, 6)
 |    |    |---(2, 1) -> (1, 5, 3, 6)
 |    |---(1, 2) -> 2(1265)
 |    |    |---(4, 0) -> (1, 2, 6, 5)
 |    |    |---(2, 1) -> (1, 6, 3, 5)
 |    |---(2, 1) -> 2(1564)
 |    |    |---(4, 0) -> (1, 5, 6, 4)
 |    |    |---(2, 2) -> (1, 6, 5, 4)
 |    |---(1, 1) -> 3(6254)
 |    |    |---(1, 2) -> (5, 2, 3, 6)
 |    |    |---(4, 0) -> (6, 2, 5, 4)
 |    |    |---(2, 1) -> (6, 5, 3, 4)
 |    |---(0, 2) -> 3(5264)
 |    |    |---(4, 0) -> (5, 2, 6, 4)
 |    |    |---(2, 1) -> (5, 6, 3, 4)
 |    |    |---(1, 2) -> (6, 2, 3, 5)
 |---(1, 2) -> 72(1245)
 |    |---(2, 1) -> 6(1543)
 |    |    |---(1, 2) -> (1, 3, 2, 5)
 |    |    |---(4, 0) -> (1, 5, 4, 3)
 |    |    |---(2, 0) -> (1, 6, 4, 2)
 |    |    |---(0, 3) -> (3, 2, 1, 5)
 |    |    |---(2, 1) -> (5, 2, 4, 3)
 |    |    |---(1, 1) -> (6, 2, 4, 1)
 |    |---(1, 1) -> 8(1363)
 |    |    |---(2, 1) -> 2(1326)
 |    |    |    |---(4, 0) -> (1, 3, 2, 6)
 |    |    |    |---(2, 2) -> (1, 6, 2, 3)
 |    |    |---(3, 0) -> 2(1362)
 |    |    |    |---(4, 0) -> (1, 3, 6, 2)
 |    |    |    |---(2, 1) -> (1, 4, 6, 3)
 |    |    |---(0, 3) -> (3, 2, 1, 6)
 |    |    |---(1, 2) -> 2(3261)
 |    |    |    |---(4, 0) -> (3, 2, 6, 1)
 |    |    |    |---(1, 3) -> (6, 2, 1, 3)
 |    |    |---(2, 0) -> (4, 2, 6, 3)
 |    |---(3, 0) -> 2(1345)
 |    |    |---(4, 0) -> (1, 3, 4, 5)
 |    |    |---(2, 1) -> (3, 2, 4, 5)
 |    |---(2, 0) -> 4(1346)
 |    |    |---(4, 0) -> (1, 3, 4, 6)
 |    |    |---(2, 2) -> (1, 6, 4, 3)
 |    |    |---(2, 1) -> (3, 2, 4, 6)
 |    |    |---(1, 2) -> (6, 2, 4, 3)
 |    |---(1, 2) -> 13(1353)
 |    |    |---(3, 0) -> 2(1352)
 |    |    |    |---(4, 0) -> (1, 3, 5, 2)
 |    |    |    |---(2, 1) -> (1, 4, 5, 3)
 |    |    |---(1, 0) -> 2(1426)
 |    |    |    |---(4, 0) -> (1, 4, 2, 6)
 |    |    |    |---(2, 2) -> (1, 4, 6, 2)
 |    |    |---(2, 1) -> (1, 5, 2, 3)
 |    |    |---(0, 3) -> 2(2135)
 |    |    |    |---(4, 0) -> (2, 1, 3, 5)
 |    |    |    |---(3, 0) -> (4, 1, 3, 5)
 |    |    |---(0, 2) -> (2, 4, 3, 5)
 |    |    |---(1, 2) -> 2(3251)
 |    |    |    |---(4, 0) -> (3, 2, 5, 1)
 |    |    |    |---(1, 3) -> (5, 2, 1, 3)
 |    |    |---(0, 1) -> 2(4216)
 |    |    |    |---(4, 0) -> (4, 2, 1, 6)
 |    |    |    |---(2, 2) -> (4, 2, 6, 1)
 |    |    |---(2, 0) -> (4, 2, 5, 3)
 |    |---(2, 2) -> 4(1415)
 |    |    |---(3, 0) -> (1, 4, 2, 5)
 |    |    |---(1, 2) -> (1, 5, 4, 2)
 |    |    |---(2, 1) -> (4, 2, 1, 5)
 |    |    |---(0, 3) -> (5, 2, 4, 1)
 |    |---(1, 3) -> 2(1452)
 |    |    |---(4, 0) -> (1, 4, 5, 2)
 |    |    |---(1, 3) -> (4, 2, 5, 1)
 |    |---(0, 2) -> 15(4632)
 |    |    |---(1, 2) -> 3(6134)
 |    |    |    |---(2, 1) -> (2, 1, 3, 6)
 |    |    |    |---(1, 3) -> (3, 6, 1, 4)
 |    |    |    |---(2, 2) -> (6, 4, 3, 1)
 |    |    |---(0, 4) -> 2(2364)
 |    |    |    |---(4, 0) -> (2, 3, 6, 4)
 |    |    |    |---(2, 2) -> (6, 3, 2, 4)
 |    |    |---(1, 3) -> 2(2436)
 |    |    |    |---(4, 0) -> (2, 4, 3, 6)
 |    |    |    |---(0, 4) -> (3, 6, 2, 4)
 |    |    |---(2, 1) -> 3(6132)
 |    |    |    |---(1, 3) -> (2, 6, 3, 1)
 |    |    |    |---(2, 1) -> (4, 1, 3, 6)
 |    |    |    |---(4, 0) -> (6, 1, 3, 2)
 |    |    |---(0, 3) -> 2(3164)
 |    |    |    |---(4, 0) -> (3, 1, 6, 4)
 |    |    |    |---(1, 3) -> (6, 3, 1, 4)
 |    |    |---(3, 0) -> (4, 6, 3, 1)
 |    |    |---(4, 0) -> (4, 6, 3, 2)
 |    |    |---(2, 2) -> (6, 4, 3, 2)
 |    |---(0, 4) -> 3(2514)
 |    |    |---(2, 2) -> (2, 1, 5, 4)
 |    |    |---(4, 0) -> (2, 5, 1, 4)
 |    |    |---(1, 3) -> (5, 1, 2, 4)
 |    |---(0, 3) -> 15(2532)
 |    |    |---(1, 0) -> 2(2164)
 |    |    |    |---(4, 0) -> (2, 1, 6, 4)
 |    |    |    |---(2, 2) -> (2, 6, 1, 4)
 |    |    |---(1, 2) -> 2(2354)
 |    |    |    |---(4, 0) -> (2, 3, 5, 4)
 |    |    |    |---(1, 3) -> (3, 5, 2, 4)
 |    |    |---(3, 0) -> 2(2531)
 |    |    |    |---(4, 0) -> (2, 5, 3, 1)
 |    |    |    |---(2, 1) -> (4, 5, 3, 2)
 |    |    |---(0, 2) -> 2(3154)
 |    |    |    |---(4, 0) -> (3, 1, 5, 4)
 |    |    |    |---(1, 3) -> (5, 3, 1, 4)
 |    |    |---(1, 1) -> 2(3514)
 |    |    |    |---(4, 0) -> (3, 5, 1, 4)
 |    |    |    |---(0, 4) -> (5, 4, 3, 1)
 |    |    |---(2, 0) -> (4, 5, 3, 1)
 |    |    |---(2, 1) -> 2(5132)
 |    |    |    |---(4, 0) -> (5, 1, 3, 2)
 |    |    |    |---(3, 0) -> (5, 4, 3, 2)
 |    |    |---(0, 3) -> (5, 3, 2, 4)
 |    |    |---(0, 1) -> (6, 1, 2, 4)
 |---(1, 3) -> 8(1123)
 |    |---(1, 2) -> 3(4112)
 |    |    |---(1, 2) -> (1, 3, 4, 2)
 |    |    |---(3, 0) -> (4, 1, 3, 2)
 |    |    |---(2, 1) -> (4, 2, 1, 3)
 |    |---(3, 0) -> (1, 4, 2, 3)
 |    |---(0, 3) -> 3(2231)
 |    |    |---(1, 2) -> (2, 3, 1, 4)
 |    |    |---(3, 0) -> (2, 4, 3, 1)
 |    |    |---(2, 1) -> (3, 2, 4, 1)
 |    |---(2, 1) -> (3, 1, 2, 4)
 |---(1, 1) -> 48(1556)
 |    |---(3, 0) -> 4(1456)
 |    |    |---(3, 0) -> (1, 3, 5, 6)
 |    |    |---(4, 0) -> (1, 4, 5, 6)
 |    |    |---(2, 1) -> (1, 5, 2, 6)
 |    |    |---(2, 2) -> (1, 5, 4, 6)
 |    |---(1, 2) -> 10(1245)
 |    |    |---(2, 0) -> (1, 3, 6, 5)
 |    |    |---(2, 1) -> 2(1465)
 |    |    |    |---(4, 0) -> (1, 4, 6, 5)
 |    |    |    |---(2, 1) -> (1, 6, 2, 5)
 |    |    |---(3, 0) -> (1, 6, 4, 5)
 |    |    |---(0, 2) -> 2(5136)
 |    |    |    |---(4, 0) -> (5, 1, 3, 6)
 |    |    |    |---(1, 3) -> (6, 5, 3, 1)
 |    |    |---(1, 2) -> 2(5216)
 |    |    |    |---(4, 0) -> (5, 2, 1, 6)
 |    |    |    |---(1, 3) -> (6, 2, 5, 1)
 |    |    |---(0, 3) -> 2(6154)
 |    |    |    |---(4, 0) -> (6, 1, 5, 4)
 |    |    |    |---(2, 2) -> (6, 5, 1, 4)
 |    |---(2, 1) -> 4(1562)
 |    |    |---(4, 0) -> (1, 5, 6, 2)
 |    |    |---(3, 0) -> (1, 5, 6, 3)
 |    |    |---(2, 2) -> (1, 6, 5, 2)
 |    |    |---(1, 2) -> (1, 6, 5, 3)
 |    |---(2, 0) -> 4(4256)
 |    |    |---(1, 2) -> (2, 5, 3, 6)
 |    |    |---(3, 0) -> (3, 2, 5, 6)
 |    |    |---(4, 0) -> (4, 2, 5, 6)
 |    |    |---(2, 1) -> (4, 5, 3, 6)
 |    |---(1, 1) -> 10(6254)
 |    |    |---(1, 3) -> 2(2564)
 |    |    |    |---(4, 0) -> (2, 5, 6, 4)
 |    |    |    |---(0, 4) -> (5, 2, 4, 6)
 |    |    |---(2, 2) -> 2(2654)
 |    |    |    |---(4, 0) -> (2, 6, 5, 4)
 |    |    |    |---(1, 3) -> (6, 5, 2, 4)
 |    |    |---(1, 2) -> 2(3564)
 |    |    |    |---(4, 0) -> (3, 5, 6, 4)
 |    |    |    |---(1, 2) -> (6, 5, 3, 2)
 |    |    |---(2, 1) -> (3, 6, 5, 4)
 |    |    |---(0, 3) -> (5, 4, 3, 6)
 |    |    |---(3, 0) -> 2(6253)
 |    |    |    |---(4, 0) -> (6, 2, 5, 3)
 |    |    |    |---(2, 1) -> (6, 3, 5, 4)
 |    |---(0, 2) -> 10(6235)
 |    |    |---(2, 2) -> 2(2635)
 |    |    |    |---(4, 0) -> (2, 6, 3, 5)
 |    |    |    |---(1, 3) -> (3, 2, 6, 5)
 |    |    |---(2, 1) -> 2(4265)
 |    |    |    |---(4, 0) -> (4, 2, 6, 5)
 |    |    |    |---(2, 1) -> (4, 6, 3, 5)
 |    |    |---(1, 3) -> 2(5263)
 |    |    |    |---(4, 0) -> (5, 2, 6, 3)
 |    |    |    |---(1, 3) -> (5, 6, 3, 2)
 |    |    |---(0, 3) -> 2(5364)
 |    |    |    |---(4, 0) -> (5, 3, 6, 4)
 |    |    |    |---(2, 1) -> (5, 6, 2, 4)
 |    |    |---(3, 0) -> 2(6245)
 |    |    |    |---(4, 0) -> (6, 2, 4, 5)
 |    |    |    |---(2, 1) -> (6, 4, 3, 5)
 |    |---(0, 3) -> 6(5361)
 |    |    |---(2, 1) -> (5, 1, 6, 4)
 |    |    |---(3, 0) -> (5, 2, 6, 1)
 |    |    |---(1, 2) -> (5, 6, 1, 4)
 |    |    |---(2, 2) -> (5, 6, 3, 1)
 |    |    |---(0, 4) -> (6, 1, 3, 5)
 |    |    |---(0, 3) -> (6, 2, 1, 5)
 |---(0, 4) -> 9(2311)
 |    |---(1, 2) -> 3(3412)
 |    |    |---(0, 4) -> (2, 1, 4, 3)
 |    |    |---(4, 0) -> (3, 4, 1, 2)
 |    |    |---(2, 2) -> (3, 4, 2, 1)
 |    |---(3, 0) -> (2, 3, 4, 1)
 |    |---(2, 1) -> 3(4312)
 |    |    |---(1, 3) -> (2, 4, 1, 3)
 |    |    |---(4, 0) -> (4, 3, 1, 2)
 |    |    |---(2, 2) -> (4, 3, 2, 1)
 |    |---(0, 3) -> 2(3142)
 |    |    |---(4, 0) -> (3, 1, 4, 2)
 |    |    |---(1, 3) -> (4, 1, 2, 3)
 |---(0, 3) -> 88(2345)
 |    |---(3, 0) -> 3(2145)
 |    |    |---(4, 0) -> (2, 1, 4, 5)
 |    |    |---(2, 1) -> (2, 3, 1, 5)
 |    |    |---(2, 0) -> (2, 3, 4, 6)
 |    |---(2, 0) -> 5(2136)
 |    |    |---(3, 0) -> (2, 1, 4, 6)
 |    |    |---(2, 2) -> (2, 3, 1, 6)
 |    |    |---(1, 3) -> (2, 3, 6, 1)
 |    |    |---(1, 2) -> (2, 6, 4, 1)
 |    |    |---(0, 3) -> (6, 3, 4, 1)
 |    |---(1, 2) -> 16(5121)
 |    |    |---(1, 2) -> 3(2153)
 |    |    |    |---(4, 0) -> (2, 1, 5, 3)
 |    |    |    |---(2, 1) -> (2, 4, 5, 1)
 |    |    |    |---(0, 4) -> (5, 3, 1, 2)
 |    |    |---(0, 1) -> 3(2362)
 |    |    |    |---(2, 1) -> (2, 4, 6, 3)
 |    |    |    |---(1, 2) -> (3, 6, 4, 2)
 |    |    |    |---(3, 0) -> (4, 3, 6, 2)
 |    |    |---(0, 3) -> (2, 5, 1, 3)
 |    |    |---(2, 1) -> 3(4125)
 |    |    |    |---(3, 0) -> (3, 1, 2, 5)
 |    |    |    |---(4, 0) -> (4, 1, 2, 5)
 |    |    |    |---(1, 3) -> (5, 1, 4, 2)
 |    |    |---(0, 2) -> (3, 4, 1, 5)
 |    |    |---(1, 1) -> 2(3541)
 |    |    |    |---(4, 0) -> (3, 5, 4, 1)
 |    |    |    |---(1, 3) -> (4, 3, 5, 1)
 |    |    |---(1, 0) -> (4, 3, 2, 6)
 |    |    |---(2, 0) -> (5, 1, 4, 3)
 |    |    |---(3, 0) -> (5, 3, 2, 1)
 |    |---(1, 1) -> 12(6141)
 |    |    |---(1, 1) -> 2(2163)
 |    |    |    |---(4, 0) -> (2, 1, 6, 3)
 |    |    |    |---(0, 4) -> (6, 3, 1, 2)
 |    |    |---(0, 3) -> 2(2416)
 |    |    |    |---(4, 0) -> (2, 4, 1, 6)
 |    |    |    |---(2, 1) -> (4, 3, 1, 6)
 |    |    |---(1, 2) -> 2(2461)
 |    |    |    |---(4, 0) -> (2, 4, 6, 1)
 |    |    |    |---(2, 1) -> (4, 3, 6, 1)
 |    |    |---(0, 2) -> (2, 6, 1, 3)
 |    |    |---(2, 1) -> 2(3146)
 |    |    |    |---(4, 0) -> (3, 1, 4, 6)
 |    |    |    |---(2, 2) -> (3, 6, 4, 1)
 |    |    |---(3, 0) -> 2(6142)
 |    |    |    |---(4, 0) -> (6, 1, 4, 2)
 |    |    |    |---(3, 0) -> (6, 1, 4, 3)
 |    |    |---(2, 0) -> (6, 3, 2, 1)
 |    |---(4, 0) -> (2, 3, 4, 5)
 |    |---(2, 1) -> 8(2515)
 |    |    |---(1, 2) -> (2, 3, 5, 1)
 |    |    |---(3, 0) -> (2, 4, 1, 5)
 |    |    |---(2, 1) -> (2, 5, 4, 1)
 |    |    |---(1, 0) -> (2, 6, 4, 3)
 |    |    |---(1, 1) -> (3, 1, 4, 5)
 |    |    |---(2, 0) -> (4, 3, 1, 5)
 |    |    |---(0, 2) -> (5, 3, 4, 1)
 |    |    |---(0, 1) -> (6, 3, 4, 2)
 |    |---(1, 3) -> 4(2352)
 |    |    |---(2, 1) -> (2, 4, 5, 3)
 |    |    |---(0, 3) -> (3, 4, 2, 5)
 |    |    |---(1, 2) -> (3, 5, 4, 2)
 |    |    |---(3, 0) -> (4, 3, 5, 2)
 |    |---(2, 2) -> 3(2342)
 |    |    |---(2, 1) -> (2, 5, 4, 3)
 |    |    |---(1, 2) -> (4, 3, 2, 5)
 |    |    |---(3, 0) -> (5, 3, 4, 2)
 |    |---(0, 2) -> 16(3611)
 |    |    |---(1, 2) -> 3(3126)
 |    |    |    |---(4, 0) -> (3, 1, 2, 6)
 |    |    |    |---(2, 2) -> (3, 1, 6, 2)
 |    |    |    |---(0, 3) -> (6, 4, 1, 3)
 |    |    |---(2, 1) -> 3(3416)
 |    |    |    |---(4, 0) -> (3, 4, 1, 6)
 |    |    |    |---(2, 2) -> (3, 4, 6, 1)
 |    |    |    |---(1, 3) -> (4, 6, 1, 3)
 |    |    |---(3, 0) -> 2(3612)
 |    |    |    |---(4, 0) -> (3, 6, 1, 2)
 |    |    |    |---(2, 2) -> (3, 6, 2, 1)
 |    |    |---(0, 2) -> 2(4126)
 |    |    |    |---(4, 0) -> (4, 1, 2, 6)
 |    |    |    |---(2, 2) -> (4, 1, 6, 2)
 |    |    |---(0, 3) -> 2(4163)
 |    |    |    |---(4, 0) -> (4, 1, 6, 3)
 |    |    |    |---(2, 1) -> (6, 1, 2, 3)
 |    |    |---(2, 0) -> 2(4612)
 |    |    |    |---(4, 0) -> (4, 6, 1, 2)
 |    |    |    |---(2, 2) -> (4, 6, 2, 1)
 |    |    |---(1, 1) -> 2(6412)
 |    |    |    |---(4, 0) -> (6, 4, 1, 2)
 |    |    |    |---(2, 2) -> (6, 4, 2, 1)
 |    |---(0, 3) -> 17(3511)
 |    |    |---(1, 2) -> 2(3152)
 |    |    |    |---(4, 0) -> (3, 1, 5, 2)
 |    |    |    |---(0, 3) -> (5, 4, 1, 3)
 |    |    |---(1, 0) -> 2(3426)
 |    |    |    |---(4, 0) -> (3, 4, 2, 6)
 |    |    |    |---(2, 2) -> (3, 4, 6, 2)
 |    |    |---(2, 1) -> 2(3451)
 |    |    |    |---(4, 0) -> (3, 4, 5, 1)
 |    |    |    |---(0, 4) -> (4, 5, 1, 3)
 |    |    |---(3, 0) -> 2(3512)
 |    |    |    |---(4, 0) -> (3, 5, 1, 2)
 |    |    |    |---(2, 2) -> (3, 5, 2, 1)
 |    |    |---(0, 2) -> (4, 1, 5, 2)
 |    |    |---(0, 3) -> 2(4153)
 |    |    |    |---(4, 0) -> (4, 1, 5, 3)
 |    |    |    |---(2, 1) -> (5, 1, 2, 3)
 |    |    |---(2, 0) -> 2(4512)
 |    |    |    |---(4, 0) -> (4, 5, 1, 2)
 |    |    |    |---(2, 2) -> (4, 5, 2, 1)
 |    |    |---(0, 1) -> 2(4623)
 |    |    |    |---(4, 0) -> (4, 6, 2, 3)
 |    |    |    |---(2, 2) -> (6, 4, 2, 3)
 |    |    |---(1, 1) -> 2(5412)
 |    |    |    |---(4, 0) -> (5, 4, 1, 2)
 |    |    |    |---(2, 2) -> (5, 4, 2, 1)
 |    |---(0, 4) -> 3(5423)
 |    |    |---(1, 3) -> (3, 4, 5, 2)
 |    |    |---(2, 2) -> (4, 5, 2, 3)
 |    |    |---(4, 0) -> (5, 4, 2, 3)
 |---(0, 2) -> 84(1556)
 |    |---(2, 1) -> 6(2153)
 |    |    |---(3, 0) -> (2, 1, 5, 6)
 |    |    |---(1, 2) -> (2, 5, 1, 6)
 |    |    |---(2, 1) -> (3, 1, 5, 6)
 |    |    |---(0, 3) -> (3, 5, 1, 6)
 |    |    |---(2, 0) -> (4, 1, 5, 6)
 |    |    |---(0, 2) -> (4, 5, 1, 6)
 |    |---(0, 3) -> 18(2615)
 |    |    |---(2, 2) -> 2(2165)
 |    |    |    |---(4, 0) -> (2, 1, 6, 5)
 |    |    |    |---(0, 4) -> (5, 6, 1, 2)
 |    |    |---(4, 0) -> (2, 6, 1, 5)
 |    |    |---(1, 2) -> 4(4165)
 |    |    |    |---(3, 0) -> (3, 1, 6, 5)
 |    |    |    |---(4, 0) -> (4, 1, 6, 5)
 |    |    |    |---(0, 4) -> (5, 6, 4, 1)
 |    |    |    |---(2, 2) -> (6, 1, 4, 5)
 |    |    |---(3, 0) -> 2(3615)
 |    |    |    |---(4, 0) -> (3, 6, 1, 5)
 |    |    |    |---(3, 0) -> (4, 6, 1, 5)
 |    |    |---(0, 4) -> (5, 1, 6, 2)
 |    |    |---(0, 3) -> 3(5361)
 |    |    |    |---(2, 2) -> (5, 1, 6, 3)
 |    |    |    |---(4, 0) -> (5, 3, 6, 1)
 |    |    |    |---(3, 0) -> (5, 4, 6, 1)
 |    |    |---(2, 1) -> 3(6315)
 |    |    |    |---(1, 3) -> (5, 6, 1, 3)
 |    |    |    |---(4, 0) -> (6, 3, 1, 5)
 |    |    |    |---(3, 0) -> (6, 4, 1, 5)
 |    |    |---(1, 3) -> 2(5621)
 |    |    |    |---(4, 0) -> (5, 6, 2, 1)
 |    |    |    |---(1, 3) -> (6, 1, 2, 5)
 |    |---(2, 0) -> 8(2456)
 |    |    |---(3, 0) -> 2(2356)
 |    |    |    |---(4, 0) -> (2, 3, 5, 6)
 |    |    |    |---(2, 1) -> (3, 4, 5, 6)
 |    |    |---(4, 0) -> (2, 4, 5, 6)
 |    |    |---(2, 2) -> (2, 5, 4, 6)
 |    |    |---(1, 2) -> 2(3526)
 |    |    |    |---(4, 0) -> (3, 5, 2, 6)
 |    |    |    |---(3, 0) -> (3, 5, 4, 6)
 |    |    |---(2, 1) -> (4, 3, 5, 6)
 |    |    |---(1, 3) -> (4, 5, 2, 6)
 |    |---(0, 2) -> 17(5365)
 |    |    |---(3, 0) -> 3(2365)
 |    |    |    |---(4, 0) -> (2, 3, 6, 5)
 |    |    |    |---(3, 0) -> (4, 3, 6, 5)
 |    |    |    |---(2, 2) -> (5, 3, 6, 2)
 |    |    |---(2, 0) -> 2(2465)
 |    |    |    |---(4, 0) -> (2, 4, 6, 5)
 |    |    |    |---(2, 2) -> (5, 4, 6, 2)
 |    |    |---(1, 1) -> 4(5642)
 |    |    |    |---(2, 2) -> (2, 6, 4, 5)
 |    |    |    |---(1, 3) -> (4, 6, 2, 5)
 |    |    |    |---(4, 0) -> (5, 6, 4, 2)
 |    |    |    |---(0, 4) -> (6, 4, 2, 5)
 |    |    |---(2, 1) -> 4(3465)
 |    |    |    |---(4, 0) -> (3, 4, 6, 5)
 |    |    |    |---(2, 2) -> (5, 4, 6, 3)
 |    |    |    |---(1, 2) -> (6, 3, 2, 5)
 |    |    |    |---(1, 3) -> (6, 3, 4, 5)
 |    |    |---(1, 2) -> 4(3625)
 |    |    |    |---(4, 0) -> (3, 6, 2, 5)
 |    |    |    |---(3, 0) -> (3, 6, 4, 5)
 |    |    |    |---(2, 2) -> (5, 6, 2, 3)
 |    |    |    |---(1, 2) -> (5, 6, 4, 3)
 |    |---(1, 2) -> 18(6251)
 |    |    |---(1, 3) -> 2(2561)
 |    |    |    |---(4, 0) -> (2, 5, 6, 1)
 |    |    |    |---(1, 3) -> (6, 5, 1, 2)
 |    |    |---(2, 2) -> 3(2151)
 |    |    |    |---(3, 0) -> (2, 6, 5, 1)
 |    |    |    |---(2, 1) -> (6, 1, 5, 2)
 |    |    |    |---(1, 2) -> (6, 5, 2, 1)
 |    |    |---(1, 2) -> 3(3561)
 |    |    |    |---(4, 0) -> (3, 5, 6, 1)
 |    |    |    |---(3, 0) -> (4, 5, 6, 1)
 |    |    |    |---(1, 3) -> (6, 5, 1, 3)
 |    |    |---(2, 1) -> 4(3651)
 |    |    |    |---(4, 0) -> (3, 6, 5, 1)
 |    |    |    |---(3, 0) -> (4, 6, 5, 1)
 |    |    |    |---(1, 3) -> (6, 1, 5, 3)
 |    |    |    |---(1, 2) -> (6, 5, 4, 1)
 |    |    |---(0, 4) -> (5, 1, 2, 6)
 |    |    |---(0, 3) -> 3(5416)
 |    |    |    |---(2, 2) -> (5, 1, 4, 6)
 |    |    |    |---(3, 0) -> (5, 3, 1, 6)
 |    |    |    |---(4, 0) -> (5, 4, 1, 6)
 |    |    |---(3, 0) -> 2(6351)
 |    |    |    |---(4, 0) -> (6, 3, 5, 1)
 |    |    |    |---(3, 0) -> (6, 4, 5, 1)
 |    |---(1, 1) -> 17(6253)
 |    |    |---(1, 3) -> 2(2563)
 |    |    |    |---(4, 0) -> (2, 5, 6, 3)
 |    |    |    |---(0, 4) -> (3, 6, 5, 2)
 |    |    |---(2, 2) -> 3(2353)
 |    |    |    |---(3, 0) -> (2, 6, 5, 3)
 |    |    |    |---(2, 1) -> (6, 3, 5, 2)
 |    |    |    |---(1, 2) -> (6, 5, 2, 3)
 |    |    |---(0, 4) -> 2(3562)
 |    |    |    |---(4, 0) -> (3, 5, 6, 2)
 |    |    |    |---(0, 4) -> (5, 3, 2, 6)
 |    |    |---(0, 3) -> 3(5426)
 |    |    |    |---(0, 4) -> (4, 5, 6, 2)
 |    |    |    |---(2, 1) -> (5, 3, 4, 6)
 |    |    |    |---(4, 0) -> (5, 4, 2, 6)
 |    |    |---(1, 2) -> 3(4542)
 |    |    |    |---(2, 0) -> (4, 5, 6, 3)
 |    |    |    |---(2, 1) -> (4, 6, 5, 2)
 |    |    |    |---(3, 0) -> (6, 5, 4, 2)
 |    |    |---(2, 1) -> 3(6553)
 |    |    |    |---(2, 1) -> (4, 6, 5, 3)
 |    |    |    |---(2, 0) -> (6, 4, 5, 2)
 |    |    |    |---(3, 0) -> (6, 5, 4, 3)
 |    |    |---(3, 0) -> (6, 4, 5, 3)
